1000	19
1001	1
1002	30
1006	100
102	46
1020	182
1038	26
104	1504
1040	26
1044	39
1051	123
1052	12
1054	93
1055	19
1056	71
1058	16
1061	633
1062	7
1063	16
1082	127
1091	104
1096	601
1098	14
1099	312
1103	659
1104	1123
1107	1
1109	2
1113	66
1116	20
1117	43
1119	15
1121	5
1124	510
1131	727
1132	633
1135	111
1136	6194
1137	9
1138	8
1139	2
114	30
1140	8
1142	8
1143	10
115	3
1150	263
1155	1
1156	1
1157	3
1158	1
1160	4
1163	36
1164	18
1166	11
1167	43
1171	398
1173	329
1174	3
1180	70
1185	713
1186	573
1187	118
119	16
1194	159
120	9
1202	186
1203	1938
1207	3077
121	112
1225	3492
1228	1770
1231	1136
1238	602
124	49
1246	2201
127	4
1271	930
1276	1910
1280	634
1285	1204
1293	1501
1295	446
1297	422
130	1
1302	1197
1308	6
1311	38
1312	67
1313	13
1314	7
1316	9
1317	19
132	52
1343	488
135	260
1360	9
1363	105
1364	14
1365	158
1366	152
1368	13
138	22
1384	24
1390	108
1394	2458
1397	68
1399	99
14	443
1400	7
1401	112
1406	42
141	2066
1412	36
1413	42
1414	140
1417	48
1419	180
142	1
1423	28
1425	102
1428	34
143	1
1436	6
1437	33
1439	10
1440	9
1442	36
1444	13
1447	37
1456	21
1461	67
1465	90
147	288
1471	16
1475	41
1477	41
148	12
1485	622
1486	11
1490	16
1493	30
1501	6
1503	21
1504	10
1508	8
1509	18
1513	225
1514	11
1519	10
1520	2
1524	1
1526	9
1528	1
1531	7
1532	2
1533	29
1534	13
1537	707
154	407
1543	8
1545	126
1546	49
1553	5
1555	16
1557	1
1558	3
1559	1
1561	2
1563	16
1567	1
1572	76
1574	10
1575	19
1577	2
1578	1
1579	2
1581	19
1585	25
1596	32
1602	4
1611	210
1612	23
1613	11
1614	175
1621	34
1624	16
1628	2
1633	233
1635	725
1640	19
1650	25
1651	8
1659	6
1660	97
1662	9
1664	7
1665	64
1666	7
1668	12
1669	33
167	5
1672	210
1673	1149
1677	2
1678	554
1694	391
1695	15
1698	2
1703	16
1715	3
1716	1
1718	4
1719	736
1724	1
1725	15
1726	88
1728	18
1731	5
1738	2
174	50
1746	5
1747	601
1749	4
1753	145
1759	34
1768	3
1789	1
1793	6
1795	2
1798	4
180	696
1807	5
1811	5
1814	20
1830	1
1837	17
1839	4
184	26
1840	64
1846	25
1853	3
1855	8
1857	5
1859	43
1863	8
1864	1
187	70
1872	5
1875	61
1877	4
1880	22
1886	2
1890	2
1892	157
1893	24
1896	12
19	517
190	134
1903	2
1905	1
1911	98
1915	2
1922	17
1929	85
193	194
1933	18
1937	47
1938	123
1940	84
1941	132
1942	132
1943	24
1948	216
1949	411
1952	1103
1955	413
1956	703
1957	835
1960	858
1961	2331
1962	726
1966	244
197	4
200	11
2007	9
201	16
2022	305
203	319
2030	3
2060	91
2069	146
2070	307
2071	152
2072	82
2073	70
209	16
2104	12
2109	587
211	52
2111	96
2114	221
2128	16
213	411
2131	52
2132	624
2136	78
2144	663
2147	29
2151	67
2157	12
216	576
2164	3
2169	36
2178	60
2179	7
2180	24
2185	12
2188	51
219	87
2190	8
2191	4
2192	3
2195	51
2197	20
2200	2
2201	11
2204	54
2210	38
2211	10
2216	2
2223	2
2226	4
2233	1
2234	3
2236	134
2237	38
2240	81
2241	12
2242	1
2247	73
2249	56
2250	20
2255	7
226	2
2261	60
2271	19
2272	51
2276	35
228	14
2280	42
2283	38
2284	47
2285	62
2286	8
2293	6
2295	51
2296	54
2298	1
2299	1
2302	951
2304	8
2305	20
2306	11
2309	1
231	1553
2310	90
2312	257
2313	786
2314	47
2325	80
233	410
2333	625
2335	178
2336	1182
2337	105
234	108
2340	239
2341	19
2345	12
2347	44
2348	187
2350	1
2351	237
2356	30
2357	492
2359	743
2360	416
2361	120
2362	23
2372	60
2375	103
2379	34
2380	25
2381	25
2382	20
2383	12
2390	283
2397	3
240	30
2416	85
2418	16
2420	247
2423	498
2425	42
243	16
2432	77
2433	149
2434	22
2435	39
2437	48
2439	161
2440	13
2442	129
2445	19
2463	194
2466	4
2472	5
2473	8
2474	112
248	119
2480	3
2493	36
2497	74
2499	33
2500	21
2501	824
2503	22
2509	7
2512	26
2518	99
2520	64
2522	13
2536	3
2539	246
254	17
2541	389
2543	2
2545	13
2546	37
2547	1
255	23
2552	4
2555	14
2562	15
2563	104
2564	1
2567	69
2574	31
2575	270
25752	3
25753	19
25763	16
25766	5
25777	31
25841	9
25898	6
2590	22
2592	1
25923	23
2593	59
25947	5
25975	1
2598	77
25999	7
26	303
2603	4
26055	11
26078	6
2608	2
26082	27
2609	101
26094	21
261	1080
2610	65
2611	163
26111	22
26119	5
26151	22
26171	25
2618	115
2621	49
2624	145
26251	1
26280	3
263	59
2630	56
26302	6
26350	27
2639	62
264	11
26485	12
26487	1
26555	12
26562	1
26567	1
26578	16
26694	16
26695	1
26699	1
267	158
2673	9
26734	1
26744	1
26770	2
2678	4
268	32
2680	1
26810	6
2682	97
26870	2
269	45
2691	44
26934	1
2694	325
2695	2
2696	130
26974	10
27	126
2702	111
27020	13
2703	1
2705	12
2706	1602
2707	380
2708	82
271	85
2711	29
2712	791
2714	30
2718	177
2725	64
27255	1
27271	1
2734	127
2736	76
27370	1
2739	640
274	46
2743	1
2744	37
2745	280
275	37
2751	16
27513	1
2753	10
27544	1
2755	3
2757	64
2758	9
2759	139
2760	5
27664	4
2767	11
2768	6
27685	1
277	816
2770	315
27700	11
2771	49
2772	82
2773	4
27734	1
2775	11
27768	3
2777	2
2779	160
278	28
27803	76
27815	60
27830	1
27834	28
27841	3
2786	8
27866	2
2788	703
27888	1
279	117
2791	2217
2792	106
2794	81
2795	634
2796	34
2798	11
2799	7
2809	8
282	975
2820	38
2825	3
2830	20
2831	5
2836	45
2838	2
2839	24
2841	245
2848	48
2852	101
2856	12
2858	8584
2860	51
2864	11
2865	4
2866	79
2869	4
2870	94
2874	29
2882	42
2891	75
2904	11
2907	44
2908	1032
2911	9
2915	476
2918	2782
2923	15
2925	168
2928	39
2931	57
2932	226
2933	10
2937	187
2960	6
2964	21
297	14
2979	5
2983	67
2988	49
299	368
2994	8
2996	63
2999	6
300	1805
3005	235
3009	1
3010	26
3011	111
3012	12
3014	7
3015	31
3028	93
3031	1
3038	104
3039	676
3040	92
3041	1
3042	2
3043	2
3047	8
3048	6
305	92
3050	5
3051	28
3055	51
3057	3
306	1548
3063	10
3065	1
3069	33
30707	508
3076	57
3078	49
30812	118
30820	31
30825	54
30848	11
3086	51
3088	509
3089	586
309	58
3090	220
3092	29
3095	694
3096	102
30970	1
3098	500
30981	1
30991	2
31	447
310	9
3100	479
31004	1
3102	104
31035	10
3109	8
3110	8
31104	2
3111	134
3112	37
3115	28
3116	1
3118	22
312	40
3120	17
31225	26
3123	2
31247	1
3125	121
3126	3
31260	2
3128	22
3131	1
3135	198
31362	1
3138	24
3140	13
3141	14
31437	31
3145	74
3146	68
3148	535
3152	460
31522	9
3158	35
3160	1580
3163	208
3171	18
31724	4
3173	121
3177	36
3178	362
3179	101
3181	170
3183	16
3185	138
3186	208
3192	16
31930	1
3198	445
3201	300
3203	223
32058	3
3206	19
32090	1
321	131
3211	17
32139	4
3214	21
3215	2
32151	2
32160	9
3217	35
3218	13
3219	89
3221	40
3222	17
3223	24
32234	2
3224	100
3228	1
3230	38
3232	15
3233	2
32349	3
3235	24
32361	1
3238	21
3239	3
3240	7
3241	30
3242	5
3243	26
3245	22
3246	421
3248	22
325	34
3250	103
3252	488
32525	4
3253	663
3254	90
32584	4
32589	2
326	289
3260	358
32602	1
32627	1
32666	1
3271	263
3276	10
32770	2
32792	2
3282	10
3286	5
32875	1
32882	3
3289	33
3295	5
32954	1
3296	154
32988	2
3302	22
3306	29
3309	17
331	35
3313	1
33136	1
33150	1
3319	10
3324	20
33264	2
3329	29
333	807
3331	1
3333	5
334	292
3341	122
33421	1
3349	3
3350	100
33564	11
33592	2
3360	488
33621	1
337	1817
3371	14
3374	5
3378	3
3379	62
33819	1
3382	1
33832	4
3385	7
3387	19
3391	2
3392	7
3395	2
34002	2
3402	6
3408	1019
341	33
3414	17
34148	7
3415	61
34155	3
342	1061
3421	1439
3423	4
3427	14
3428	19
34326	6
34359	1
3437	3
344	1570
3447	53
34482	5
3449	5
3450	249
3451	272
34530	2
3456	57
3465	1
3468	640
3469	327
3473	13
3478	35
3484	43
3491	5
3496	13
3497	12
3498	314
3502	40
3509	8
3511	13
3514	10
352	80
3520	3
3522	4
3525	68
3530	6
3533	4
3534	100
3538	85
354	40
3544	20
3552	886
3570	1
3575	2
3579	8
358	138
3580	5
3581	49
3586	12
3595	1
3596	6
3597	9
3603	1
3608	399
3613	27
3617	312
3618	84
3619	22
3622	31
3626	12
3631	2
3634	122
3636	3
3637	12
3641	6
3645	16
3646	31
3649	46
365	73
36513	4
36523	1
36527	20
3655	26
3656	1
3657	1
3669	3
3678	50
3688	63
3689	12
369	55
3690	4
3691	2
3711	8
3712	60
3713	35
3714	3
3720	65
3722	2
3723	127
37287	1
373	389
3733	140
3734	20
3736	50
3738	12
37384	23
3746	61
3747	75
37475	12
3749	18
375	11
37545	2
3756	5
3760	109
3773	11
37736	5
37739	5
3774	3
3784	50
37855	3
3786	107
3787	61
3789	114
3790	20
3791	75
3795	21
3797	4
3798	212
38	36
3804	8
3809	271
381	368
3812	109
3813	38
3814	184
3816	31
3819	305
3821	40
3823	34
3825	82
3831	116
3835	7
38388	3
3844	235
3845	5
3846	10
3849	30
385	9
3851	50
3852	116
3853	2
3857	19
3858	30
386	7
38600	4
3861	76
3862	5
3866	1
3867	4
3869	113
3870	18
3872	59
388	47
3882	123
3886	8
3887	1
3894	9
38992	4
3902	5
3903	28
3905	8
3911	1029
3914	25
3915	47
3916	651
3921	2
3922	3
39234	14
3924	2
3929	105
39390	2
39394	1
394	9
39402	1
39408	1
39427	19
3943	43
3948	778
3949	1517
3950	47
3951	28
3952	217
3954	2
3955	14
3957	26
3958	3
3967	663
3968	73
39715	6
3979	57
3980	189
3982	10
3983	501
39869	13
39886	4
399	1
3995	5
3998	66
40	111
400	3
40010	2
4003	16
4004	1
4007	227
4009	51
4010	29
4017	127
4019	387
402	7
4020	68
4021	90
4022	1018
4024	37
4028	29
4032	4
4040	24
4046	42
4048	2
4052	59
4055	44
40586	1
4059	1
406	1
4060	2
4068	11
4074	4
4078	7
408	34
4080	14
4081	1
4083	5
4089	13
409	14
4093	1
4095	52
40952	1
40966	6
4098	32
410	503
4100	2
4101	2
4102	164
4104	15
4108	3
411	7
4110	6
4113	16
4114	3
4115	1
4116	31
4118	1
412	423
4120	2
4122	4
4123	8
4126	21
4127	1
413	104
41336	1
4136	6
4137	2
4139	2
414	5
4149	34
4152	7
4157	1
4162	5
4164	3
4167	35
4169	6
41699	1
41721	3
4174	67
4176	6
4178	88
4179	22
418	27
4181	15
4182	1
4187	80
4189	13
419	60
4190	54
4191	46
4192	2
4197	16
4201	4
42013	2
42021	2
4204	1
4209	1
4211	93
4214	84
4215	4
4216	59
4219	23
422	43
4220	47
4221	7
42217	8
4225	121
4228	21
4230	1
4233	16
4239	323
424	7
4244	3
4247	31
4248	26
4249	2
4252	9
4253	1
4255	26
4256	6
4260	2
4263	67
42634	2
4267	22
4268	2
4271	13
4272	12
42725	38
4273	25
42730	10
42732	7
4276	57
4279	6
428	426
4281	2
4282	21
4283	19
4284	3
4286	3
429	37
4292	82
4293	7
4297	35
43	213
430	3
4300	6
4303	1
4313	5
4316	7
4322	111
4325	21
433	21
4330	12
4331	7
4332	6
4334	67
4335	7
4340	12
4341	9
4345	67
4348	3
43556	3
4359	123
4365	1
4368	23
437	28
4373	19
4381	53
4384	12
4385	1
4389	8
43899	1
439	3
4391	13
43914	4
4393	14
4405	28
44073	2
4415	13
4418	3
44191	630
44195	224
4420	7
4422	100
4423	14
4424	209
4427	255
4428	23
4429	29
4431	3
4433	27
4435	1
4439	7
4447	254
4449	2
445	65
4452	37
44555	321
44613	3
4462	3
4465	75
44657	6
4468	16
44709	21
4471	1
44729	1
4476	9
4479	13
448	279
4481	1
44815	1
4482	2
4483	7
4484	11
44840	7
4485	3
4486	14
4489	164
449	73
4490	1
4491	2
44937	2
4499	240
4502	9
4503	2
4504	1
4508	41
4509	29
4510	1
4511	2
4512	2
4513	1
4516	1
452	97
4520	6
4521	1
45210	93
45221	3
4524	9
4525	3
453	22
4536	3
4537	34
4549	1
45503	3
45525	2
4554	1
4557	26
4558	21
4559	2
4563	18
45635	3
45658	1
45666	10
457	7608
45726	4
45728	101
4581	6
4585	12
45880	16
4590	3
4592	1
4593	2
4595	9
4598	1
4599	4
460	14
4605	37
4606	1
4607	2
4609	5
4612	66
4615	13
4616	76
4617	16
4619	7
4621	22
4622	2
4623	137
46231	1
4627	9
4647	1
4649	47
4655	15
4656	1
4659	11
4660	4
4663	2
4666	1
4667	1
467	122
4671	5
4674	3
4676	6
46772	1
4678	120
4679	77
46803	7
46865	4
4687	11
46919	1
4692	4
4694	2
4696	17
46974	7
470	10
4700	72
4703	109
4705	89
4706	7
4708	32
47099	77
4712	10
4714	7
4716	3
4718	274
4719	11
4722	10
4723	62
4724	1
4728	99
4729	4
4731	15
4732	17
4733	30
4734	305
4737	12
47423	30
4745	25
47518	18
4755	3
4761	6
47629	58
4763	3
47640	19
47644	14
4765	37
4767	10
4770	11
4771	14
4772	12
4773	6
47778	2
4780	4
4781	2
4784	58
4787	55
4793	5
47940	1
47978	1
4799	121
4801	27
4803	45
4805	6
4806	29
4807	1
4809	64
4810	3
4814	40
4815	31
4816	238
48161	9
483	65
4832	1
48326	5
4834	8
4835	65
48385	319
4841	2
4847	7
4851	1
48520	2
48598	4
486	8
4862	8
4870	2
4871	14
4872	8
488	41
4883	2
4885	7
4888	31
489	47
4892	3
4895	4
490	159
4900	11
4903	262
4907	1
491	358
4917	3
4921	52
49220	2
4925	2
49276	1
4928	66
49280	9
4929	11
49312	2
49347	1
4937	1
4945	20
495	66
49524	3
49526	1
4959	3
4960	5
4967	141
4968	1
4970	185
4972	5
4974	46
4976	41
4977	9
49793	9
4981	19
4989	14
49910	22
49961	35
5	528
5004	49
5005	11
5009	30
501	325
5016	49
50160	8
5022	23
5023	10
5025	46
50259	1
5028	7
5029	1
503	8
5035	10
5036	6
5037	4
5048	5
505	19
50514	9
5053	1
5058	1
506	141
5068	5
5073	23
5075	15
508	2323
5080	13
5082	4
5089	1
5090	5
5091	1
50912	23
50923	2
5096	9
510	19
5100	1
5104	3
51088	1
5112	19
5114	17
5116	3
5119	14
5122	21
5123	3
5124	3
5125	17
5129	1
5139	40
514	321
5140	2
51418	1
5147	219
5148	1
5158	6
51660	5
51678	3
5173	1
5174	4
5177	69
5178	2
518	24
5187	21
5190	2
51931	23
51933	3
5194	3
5197	3
51991	2
520	438
5202	9
5216	3
5221	9
52279	1
523	105
5231	6
5233	6
5234	2
5237	21
5238	24
524	591
5246	4
5248	2
5249	2
525	14
5250	17
5251	1
5255	11
5256	3
5258	30
526	12
5265	78
5266	95
5267	93
5269	45
52694	7
5272	14
528	16
5280	1
5282	20
5283	68
5292	154
5294	123
52952	23
53038	4
5307	1
5308	29
53133	1
5314	6
5315	1
5317	1
5318	2
53189	6
5321	1
5327	3
5331	3
5337	8
5340	4
5341	49
5347	1
535	772
5350	1
5352	15
5354	3
53578	1
5359	19
536	34
5360	3
5363	11
537	142
5379	37
538	586
5382	4
5390	15
5391	68
5395	5
5398	32
53999	1
540	93
54004	10
5401	26
5408	1
542	143
5421	55
5422	7
5427	4
5428	4
54290	1
5430	1
5436	11
5439	3
5443	1
5447	24
545	2
5450	33
54503	213
54513	3
5457	1
54612	2
5473	4
54732	3
54734	1
5481	204
5486	3
5490	2
5494	1
5495	2
5496	8
5498	51
55	56
5500	119
55069	21
55110	1
5512	1
5515	23
5518	3
5519	1
55205	1
5521	2
55250	3
5526	3
55274	6
55292	1
5531	2
5535	1
55444	30
5548	17
55555	7
5559	1
5561	3
5564	2
5568	23
55729	2
5579	1
5581	3
55830	17
5584	9
5585	5
559	4
5590	2
5598	4
5600	5
5605	14
56141	1
5615	5
563	24
5632	39
5633	25
5635	12
5636	2
5637	23
564	1
5641	3
5642	21
5644	34
5647	6
5648	6
5650	102
56508	1
5656	2
56607	19
5662	1
5664	5
5668	35
56719	1
56782	220
5682	14
5687	5
5688	7
56885	20
5696	13
57	154
5711	1
5714	1
572	1
5721	18
5722	5
573	21
5732	17
5744	2
57464	5
57532	2
5762	1
5763	3
5768	2
57690	1
5772	84
5773	3
5775	1
57792	2
5780	21
5781	1
57848	1
5790	1
5794	2
5798	4
580	20
5800	6
5802	10
5806	1
5808	1
5810	93
58156	4
5817	12
5819	1
5821	2
5823	1
58315	2
5832	5
5834	1
58351	7
5838	3
5846	3
5847	29
5848	1
5849	1
585	200
5850	1
5858	2
58622	1
58655	2
5873	24
5874	11
5875	11
58803	14
5896	8
5900	14
59018	11
59026	3
5907	2
5908	3
5916	8
59258	2
5933	8
5936	10
5937	19
59382	1
5940	17
59418	1
5942	10
5947	5
5949	17
5951	11
59519	3
5955	54
5963	7
5972	1
5976	1
5977	7
5978	1
59810	3
5986	11
5988	1
59900	8
59908	1
5993	5
5997	2
600	14
6002	10
6008	15
601	20
60126	11
60133	1
6015	1
6022	9
6025	7
603	20
6041	7
6049	2
6055	1
6059	46
6065	4
6075	4
60756	10
60758	1
6090	1
60943	1
60950	13
6098	2
60983	1
60990	1
6102	5
6104	211
6105	7
6108	1
6113	1
6114	1
6115	3
6118	4
6119	9
612	58
6121	2
6124	5
61250	1
61255	1
6126	8
6127	9
6133	1
61352	4
61361	1
61394	1
6141	1
6146	1
61475	1
6151	3
6161	1
6166	6
6182	6
6188	305
619	38
6192	3
61967	1
62	2878
620	4
6203	1
6206	3
621	33
6211	5
62113	1
6212	18
6215	14
6216	61
6217	3
6222	4
6225	1
6226	4
6229	8
62293	3
623	2
6230	20
6236	2
6237	11
6244	28
6248	1
6249	2
625	1
6255	2
62553	1
626	45
6260	7
6265	3
6272	1
6285	1
6287	28
629	3
6291	61
6307	1
6312	3
63131	11
6315	2
6320	2
6321	2
6329	2
633	43
6334	1
634	17
6341	14
63479	1
6351	3
636	2
637	179
6373	94
6374	7
638	42
63808	2
6382	7
6385	294
63876	15
6403	4
6410	2
6419	9
64197	1
6425	21
6432	1
6436	21
6449	2
645	38
6452	16
6454	8
6460	64
64620	4
6464	3
64716	3
6472	1
6477	7
6482	15
64839	3
6492	1
64969	1
6499	3
65	141
650	130
6508	3
651	4
6511	6
65133	2
6516	5
6517	2
6519	1
6522	5
6525	2
6526	8
6528	4
6533	31
6535	13
6540	1
655	1
6556	1
656	66
6565	193
6571	12
6578	1
6579	29
6586	47
6591	49
6592	4
6599	3
660	17
6600	1
6601	1
6604	1
6609	12
6611	38
6613	2
6619	8
662	190
6628	1
663	285
664	35
6641	3
6643	78
6646	2
6647	2
6649	3
6669	170
6670	2
6671	13
668	194
6683	6
6699	1
67	23
670	211
6702	5
6704	2
6718	3
672	2
6735	3
6737	1
6752	1
6756	4
676	1
6768	13
6769	4
6771	1
6777	61
6778	1
6786	48
679	11
6791	122
6802	1
6807	463
6809	1
681	41
6811	14
6816	5
6825	1
6827	1
6828	3
6832	20
6843	1
6844	1
685	77
6858	26
6877	1
6887	37
6895	3
6898	6
69	409
6906	1
6909	6
6918	74
6921	6
6926	1
6928	1
693	1
6931	1
6940	1
6944	65
6961	7
698	2
6980	5
6981	14
6984	11
6985	94
699	1
6998	6
700	72
7002	4
7005	1
7009	13
701	13
702	54
7026	2
703	34
7030	7
7043	21
705	33
7051	1
7054	11
7058	15
706	28
7061	20
7062	16
7066	2
7069	19
7071	21
7074	15
7078	5
7079	24
7083	1
7091	70
7095	3
710	64
7103	1
7119	4
7125	6
713	25
7130	1
7150	6
7155	39
7157	3
7158	117
716	34
7167	4
717	4
7172	1
7176	1
7177	13
7178	7
7181	2
7182	2
7183	1
719	240
7190	9
7194	3
7196	1
7206	38
7209	43
7219	1
7227	8
723	2
7232	2
7234	94
7243	16
7249	1
725	50
7250	6
726	37
7261	2
7263	90
7275	1
728	551
7283	1
7285	49
7288	1
729	14
7290	1
7294	2
7299	13
730	11
7301	20
7316	3
7318	215
732	21
7320	10
7321	3
7327	120
7328	1
734	3
7340	1
7341	2
7348	15
7349	3
7356	1
7357	1
7365	12
7372	1
738	2
7384	2
7388	5
7396	47
7398	2
7406	4
7416	5
743	162
7437	7
744	4
7448	2
7451	108
7456	6
747	58
7474	3
7478	35
7485	9
7487	3
749	2
7490	2
7493	18
7563	1
757	23
7572	43
7574	2
758	4
7580	3
7581	5
7613	2
7618	23
7619	38
7624	6
7647	17
766	150
768	3
770	2
7702	6
7706	80
7716	3
772	4
7727	1
773	3
774	1
7745	10
7749	19
7753	5
7759	20
7761	1
7767	55
7771	29
7773	27
7775	2
7781	7
7789	4
7792	14
78	52
781	170
7813	2
7820	37
7843	5
785	635
7879	6
7884	5
7887	1
789	3
790	20
7916	3
7918	6
7928	1
793	19
7933	9
7934	56
7937	22
7938	31
7939	23
7940	8
7946	3
7947	4
7948	3
795	11
7950	1
7959	1
796	1
797	22
7976	2
7983	20
7992	1
8010	22
8014	107
8025	3
8040	2
8057	3
8063	2
8068	2
8070	3
8119	3
8120	1
8121	12
8126	7
8127	1
8128	39
813	28
8131	12
8133	2
814	1
8143	3
8153	5
8154	114
816	15
818	86
8188	20
8189	4
8191	10
8194	1
820	3
8201	5
8203	1
8208	5
821	8
822	9
823	5
8238	1
824	59
8259	2
826	1
8261	23
827	24
8275	4
83	84
830	296
831	28
833	84
8331	4
8332	3
8338	22
834	27
835	33
8363	2
8364	15
8365	4
8367	1
8374	2
8376	290
8377	1
8378	2
8379	14
8407	2
8421	1
843	20
844	36
845	13
8451	9
846	39
8463	4
848	271
8480	1
8488	1
8494	5
8499	1
851	129
8511	5
8512	4
8518	1
8528	104
853	16
8530	42
8532	9
854	44
855	7
856	12
857	11
860	49
8602	6
8609	14
8611	2
8619	1
862	37
8621	2
8629	5
8641	162
865	7
8650	6
8674	1
868	4
869	34
8695	13
8698	1
870	12
871	17
8711	27
8718	3
872	4
8727	1
8729	2
873	10
8731	10
8732	2
8739	10
8749	2
875	31
8754	25
8757	2
877	14
8777	2
878	3
8781	35
8785	11
8786	4
8794	1
88	239
8803	1
8804	1
8807	98
8813	2
8814	7
8824	1
8826	1
884	12
8840	1
8841	1
8843	1
8844	5
8848	13
8851	2
887	1
8872	3
8873	214
8875	5
8876	2
8880	28
8899	4
890	1
8913	1
8915	9
8920	7
893	71
8936	1
8946	2
895	10
8951	36
8956	1
896	73
8964	2
8966	37
8970	328
8980	1
8982	12
8986	2
8994	3
8996	1
8997	1
90	24
9002	1
9007	1
9013	4
921	306
926	1023
927	157
932	268
934	232
944	150
947	306
948	180
949	327
954	859
955	839
957	18
959	47
961	20
97	240
971	413
981	12
982	62
983	2
989	14
991	197
992	4
993	39
