1000	1
1001	1
1002	1
1006	1
102	1
1020	1
1038	1
104	1
1040	1
1044	1
1051	1
1052	1
1054	1
1055	1
1056	1
1058	1
1061	1
1062	1
1063	1
1082	1
109	1
1091	1
1096	1
1098	1
1099	1
1103	1
1104	1
1107	1
1109	1
1113	1
1116	1
1117	1
1119	1
1121	1
1124	1
1131	1
1132	1
1135	1
1136	1
1137	1
1138	1
1139	1
114	1
1140	1
1141	1
1142	1
1143	1
115	1
1150	1
1155	1
1156	1
1157	1
1158	1
1159	1
1160	1
1163	1
1164	1
1166	1
1167	1
1171	1
1173	1
1174	1
1180	1
1185	1
1186	1
1187	1
119	1
1194	1
120	1
1202	1
1203	1
1207	1
121	1
1225	1
1228	1
1231	1
1238	1
124	1
1246	1
127	1
1271	1
1276	1
1280	1
1285	1
1293	1
1295	1
1297	1
130	1
1302	1
1308	1
1311	1
1312	1
1313	1
1314	1
1316	1
1317	1
132	1
1343	1
135	1
1360	1
1363	1
1364	1
1365	1
1366	1
1368	1
138	1
1384	1
1390	1
1394	1
1397	1
1399	1
14	1
1400	1
1401	1
1406	1
141	1
1412	1
1413	1
1414	1
1417	1
1419	1
142	1
1423	1
1425	1
1428	1
143	1
1436	1
1437	1
1439	1
1440	1
1442	1
1444	1
1447	1
1456	1
1461	1
1465	1
147	1
1471	1
1475	1
1477	1
148	1
1485	1
1486	1
1490	1
1493	1
1501	1
1503	1
1504	1
1508	1
1509	1
1510	1
1513	1
1514	1
1519	1
1520	1
1522	1
1524	1
1526	1
1528	1
1531	1
1532	1
1533	1
1534	1
1537	1
154	1
1543	1
1545	1
1546	1
1548	1
1553	1
1555	1
1557	1
1558	1
1559	1
1561	1
1563	1
1567	1
1572	1
1574	1
1575	1
1577	1
1578	1
1579	1
1581	1
1585	1
1596	1
1602	1
1611	1
1612	1
1613	1
1614	1
1621	1
1624	1
1628	1
1633	1
1635	1
1640	1
1650	1
1651	1
1659	1
1660	1
1662	1
1664	1
1665	1
1666	1
1668	1
1669	1
167	1
1672	1
1673	1
1677	1
1678	1
1679	1
1694	1
1695	1
1698	1
1703	1
1705	1
1706	1
1708	1
1709	1
1710	1
1714	1
1715	1
1716	1
1718	1
1719	1
1724	1
1725	1
1726	1
1728	1
1731	1
1738	1
174	1
1742	1
1746	1
1747	1
1749	1
1753	1
1759	1
1768	1
1776	1
1781	1
1789	1
1793	1
1795	1
1798	1
180	1
1807	1
1811	1
1814	1
1815	1
1830	1
1837	1
1839	1
184	1
1840	1
1846	1
1853	1
1855	1
1857	1
1859	1
1863	1
1864	1
187	1
1872	1
1875	1
1877	1
1880	1
1886	1
1890	1
1892	1
1893	1
1896	1
19	1
190	1
1903	1
1905	1
1911	1
1915	1
1922	1
1929	1
193	1
1933	1
1937	1
1938	1
1940	1
1941	1
1942	1
1943	1
1948	1
1949	1
1952	1
1955	1
1956	1
1957	1
1960	1
1961	1
1962	1
1966	1
197	1
200	1
2007	1
201	1
2022	1
203	1
2030	1
2060	1
2069	1
2070	1
2071	1
2072	1
2073	1
209	1
2104	1
2109	1
211	1
2111	1
2114	1
2128	1
213	1
2131	1
2132	1
2136	1
2144	1
2147	1
2151	1
2157	1
216	1
2164	1
2169	1
2178	1
2179	1
2180	1
2185	1
2188	1
219	1
2190	1
2191	1
2192	1
2195	1
2197	1
2200	1
2201	1
2204	1
2207	1
2210	1
2211	1
2214	1
2216	1
2218	1
2220	1
2222	1
2223	1
2224	1
2225	1
2226	1
2228	1
2229	1
2230	1
2233	1
2234	1
2236	1
2237	1
2240	1
2241	1
2242	1
2246	1
2247	1
2249	1
2250	1
2251	1
2254	1
2255	1
226	1
2261	1
2271	1
2272	1
2274	1
2276	1
228	1
2280	1
2283	1
2284	1
2285	1
2286	1
2293	1
2295	1
2296	1
2298	1
2299	1
2302	1
2304	1
2305	1
2306	1
2309	1
231	1
2310	1
2312	1
2313	1
2314	1
2317	1
2325	1
233	1
2333	1
2335	1
2336	1
2337	1
234	1
2340	1
2341	1
2343	1
2345	1
2347	1
2348	1
2350	1
2351	1
2356	1
2357	1
2359	1
2360	1
2361	1
2362	1
2372	1
2375	1
2379	1
2380	1
2381	1
2382	1
2383	1
2390	1
2397	1
240	1
2416	1
2418	1
2420	1
2423	1
2425	1
243	1
2432	1
2433	1
2434	1
2435	1
2437	1
2439	1
2440	1
2442	1
2445	1
2463	1
2466	1
2472	1
2473	1
2474	1
248	1
2480	1
2489	1
2493	1
2497	1
2499	1
2500	1
2501	1
2503	1
2508	1
2509	1
2512	1
2518	1
2520	1
2522	1
2536	1
2539	1
254	1
2541	1
2543	1
2545	1
2546	1
2547	1
255	1
2552	1
2555	1
2562	1
2563	1
2564	1
2567	1
2574	1
2575	1
25752	1
25753	1
2576	1
25763	1
25766	1
25777	1
25782	1
2584	1
25841	1
25898	1
2590	1
25914	1
2592	1
25923	1
2593	1
25942	1
25947	1
25960	1
25964	1
25975	1
2598	1
25999	1
26	1
2601	1
2603	1
26055	1
26059	1
26078	1
26079	1
2608	1
26082	1
2609	1
26094	1
26096	1
261	1
2610	1
26106	1
2611	1
26111	1
26119	1
26151	1
26171	1
2618	1
26189	1
2619	1
2621	1
26226	1
2623	1
2624	1
26241	1
26251	1
26280	1
263	1
2630	1
26301	1
26302	1
26323	1
26350	1
26379	1
2639	1
264	1
26431	1
26485	1
26487	1
26494	1
26498	1
26555	1
26562	1
26567	1
26578	1
26676	1
26677	1
26694	1
26695	1
26699	1
267	1
26726	1
2673	1
26734	1
26744	1
26770	1
26778	1
2678	1
268	1
2680	1
26810	1
26812	1
2682	1
26841	1
26870	1
269	1
2691	1
26934	1
2694	1
2695	1
2696	1
26974	1
26982	1
26996	1
27	1
2702	1
27020	1
2703	1
2705	1
2706	1
2707	1
2708	1
271	1
2711	1
2712	1
2714	1
2718	1
2725	1
27255	1
27271	1
2734	1
2736	1
27370	1
2739	1
274	1
2743	1
27432	1
27436	1
2744	1
2745	1
275	1
2751	1
27513	1
2753	1
27544	1
2755	1
2757	1
2758	1
27587	1
2759	1
2760	1
27620	1
27664	1
2767	1
2768	1
27685	1
277	1
2770	1
27700	1
2771	1
2772	1
2773	1
27734	1
27740	1
2775	1
27768	1
2777	1
27776	1
2778	1
2779	1
278	1
27803	1
27815	1
27830	1
27834	1
27841	1
27857	1
2786	1
27866	1
27874	1
2788	1
27888	1
279	1
2791	1
2792	1
2794	1
2795	1
2796	1
2798	1
2799	1
2809	1
2811	1
282	1
2820	1
2825	1
2830	1
2831	1
2832	1
2836	1
2838	1
2839	1
2841	1
2848	1
2852	1
2856	1
2858	1
2860	1
2864	1
2865	1
2866	1
2869	1
2870	1
2874	1
2882	1
2891	1
2904	1
2907	1
2908	1
2911	1
2915	1
2918	1
2923	1
2925	1
2928	1
2931	1
2932	1
2933	1
2937	1
2954	1
2955	1
2957	1
2958	1
2960	1
2964	1
297	1
2979	1
2983	1
2988	1
299	1
2994	1
2996	1
2999	1
300	1
3001	1
3005	1
3009	1
3010	1
3011	1
3012	1
3014	1
3015	1
3028	1
3031	1
3038	1
3039	1
3040	1
3041	1
3042	1
3043	1
3047	1
3048	1
305	1
3050	1
3051	1
3055	1
3057	1
3059	1
306	1
3063	1
3065	1
30659	1
3069	1
30707	1
3076	1
3078	1
30812	1
30820	1
30825	1
30848	1
3086	1
3088	1
3089	1
30890	1
309	1
3090	1
3092	1
3095	1
3096	1
30970	1
30977	1
3098	1
30981	1
30991	1
31	1
310	1
3100	1
31000	1
31004	1
3102	1
31035	1
31040	1
31045	1
31047	1
3109	1
31090	1
3110	1
31104	1
31107	1
31109	1
3111	1
3112	1
3115	1
3116	1
3118	1
312	1
3120	1
31225	1
3123	1
31247	1
3125	1
3126	1
31260	1
3128	1
3131	1
3135	1
31359	1
31362	1
3138	1
3140	1
3141	1
31437	1
3145	1
3146	1
3148	1
31494	1
3152	1
31522	1
3158	1
31598	1
3160	1
31606	1
31610	1
31628	1
3163	1
3164	1
31692	1
3171	1
31724	1
3173	1
3177	1
3178	1
31785	1
3179	1
3181	1
3183	1
3185	1
3186	1
3187	1
3191	1
3192	1
31930	1
3195	1
3198	1
31998	1
3201	1
32013	1
3203	1
32056	1
32058	1
3206	1
32082	1
32084	1
3209	1
32090	1
321	1
32109	1
3211	1
32116	1
3212	1
32122	1
32126	1
32139	1
3214	1
32141	1
3215	1
32151	1
32158	1
32160	1
32166	1
3217	1
3218	1
3219	1
3220	1
3221	1
3222	1
3223	1
32234	1
3224	1
3228	1
32294	1
3230	1
3231	1
32318	1
3232	1
32329	1
3233	1
32335	1
3234	1
32342	1
32345	1
32349	1
3235	1
32354	1
32361	1
32375	1
3238	1
3239	1
3240	1
3241	1
3242	1
3243	1
3245	1
3246	1
3248	1
325	1
3250	1
3252	1
32525	1
3253	1
3254	1
32584	1
32589	1
326	1
3260	1
32600	1
32602	1
32605	1
32625	1
32627	1
32666	1
32674	1
3271	1
3276	1
3277	1
32770	1
32781	1
32792	1
3282	1
3286	1
32875	1
3288	1
32882	1
3289	1
3290	1
3291	1
3295	1
32954	1
3296	1
32988	1
32999	1
33008	1
3302	1
3306	1
3309	1
331	1
3312	1
3313	1
33136	1
33142	1
33150	1
33152	1
33160	1
3319	1
3321	1
3322	1
3324	1
33264	1
33288	1
3329	1
333	1
3331	1
3333	1
33340	1
334	1
3341	1
33410	1
33421	1
3349	1
33495	1
3350	1
3352	1
33564	1
33592	1
3360	1
33621	1
33685	1
3369	1
337	1
3371	1
3374	1
3376	1
3378	1
3379	1
33819	1
3382	1
33821	1
33823	1
33832	1
3385	1
3387	1
3391	1
3392	1
3395	1
33966	1
34002	1
3402	1
3408	1
341	1
3411	1
34129	1
3414	1
34148	1
3415	1
34155	1
34158	1
34189	1
342	1
3421	1
3423	1
3427	1
3428	1
34326	1
34353	1
34359	1
3437	1
344	1
3447	1
34473	1
34482	1
3449	1
34499	1
3450	1
3451	1
34530	1
3456	1
34579	1
3460	1
3463	1
3465	1
3468	1
3469	1
3473	1
3478	1
3484	1
3491	1
3496	1
3497	1
3498	1
3502	1
3509	1
3511	1
3514	1
352	1
3520	1
3522	1
3525	1
3530	1
3533	1
3534	1
3538	1
354	1
3542	1
3544	1
3552	1
3558	1
3560	1
3561	1
3570	1
3575	1
3579	1
358	1
3580	1
3581	1
3586	1
3595	1
3596	1
3597	1
3603	1
3608	1
3613	1
3617	1
3618	1
3619	1
3622	1
3626	1
3631	1
3634	1
3636	1
3637	1
3641	1
3645	1
3646	1
3649	1
365	1
36513	1
36523	1
36527	1
36539	1
3655	1
3656	1
3657	1
3669	1
3678	1
3688	1
3689	1
369	1
3690	1
3691	1
3711	1
3712	1
3713	1
3714	1
3720	1
3722	1
3723	1
37287	1
373	1
3733	1
3734	1
3736	1
3738	1
37384	1
3746	1
3747	1
37475	1
3749	1
375	1
3750	1
37545	1
3756	1
3760	1
3773	1
37736	1
37739	1
3774	1
3784	1
37855	1
3786	1
3787	1
3789	1
3790	1
3791	1
3795	1
37957	1
3797	1
37976	1
3798	1
38	1
3804	1
3809	1
381	1
3812	1
3813	1
3814	1
3816	1
3819	1
3821	1
3823	1
3825	1
3828	1
3831	1
3835	1
38388	1
38435	1
3844	1
3845	1
3846	1
3849	1
385	1
3851	1
3852	1
3853	1
3856	1
3857	1
3858	1
386	1
38600	1
3861	1
3862	1
3866	1
3867	1
3869	1
3870	1
3872	1
388	1
3882	1
38824	1
3884	1
3886	1
3887	1
3894	1
3899	1
38992	1
3902	1
3903	1
3904	1
3905	1
3911	1
3914	1
3915	1
3916	1
3921	1
3922	1
39234	1
3924	1
3929	1
39390	1
39394	1
394	1
39402	1
39408	1
39412	1
39421	1
39427	1
3943	1
39439	1
3948	1
3949	1
3950	1
3951	1
3952	1
3954	1
3955	1
3957	1
3958	1
396	1
39659	1
3967	1
3968	1
39715	1
3979	1
3980	1
3982	1
3983	1
39869	1
39886	1
399	1
3995	1
3998	1
40	1
400	1
40010	1
4003	1
4004	1
4007	1
4009	1
4010	1
4013	1
4017	1
4019	1
402	1
4020	1
4021	1
4022	1
4024	1
4028	1
4032	1
4040	1
4046	1
4048	1
4052	1
4055	1
4058	1
40586	1
4059	1
406	1
4060	1
4068	1
4071	1
4074	1
4078	1
408	1
4080	1
4081	1
4083	1
40833	1
4089	1
409	1
4093	1
4094	1
4095	1
40952	1
40966	1
4098	1
410	1
4100	1
4101	1
4102	1
4104	1
4107	1
4108	1
411	1
4110	1
4113	1
4114	1
4115	1
4116	1
4118	1
412	1
4120	1
4122	1
4123	1
4126	1
4127	1
413	1
41336	1
4134	1
4136	1
4137	1
4139	1
414	1
4145	1
4149	1
4150	1
4152	1
4156	1
41564	1
4157	1
4162	1
4164	1
4167	1
4169	1
41699	1
4170	1
41721	1
4174	1
4176	1
4178	1
4179	1
418	1
4181	1
4182	1
4187	1
4189	1
419	1
4190	1
4191	1
4192	1
4197	1
4201	1
42013	1
4202	1
42021	1
4204	1
4209	1
4211	1
4214	1
4215	1
4216	1
4219	1
422	1
4220	1
4221	1
42213	1
42217	1
4225	1
4228	1
4230	1
4233	1
4239	1
424	1
4244	1
4247	1
4248	1
4249	1
4252	1
4253	1
4255	1
4256	1
4258	1
4260	1
4263	1
42634	1
4267	1
4268	1
4271	1
4272	1
42725	1
4273	1
42730	1
42732	1
42740	1
4276	1
4279	1
428	1
4281	1
4282	1
4283	1
4284	1
4286	1
429	1
4292	1
4293	1
4297	1
43	1
430	1
4300	1
4302	1
4303	1
4309	1
4311	1
4313	1
4314	1
4316	1
4322	1
4325	1
433	1
4330	1
4331	1
4332	1
4334	1
4335	1
4340	1
4341	1
4345	1
4348	1
43556	1
4359	1
4365	1
4368	1
437	1
43710	1
4373	1
4381	1
4384	1
4385	1
4389	1
43899	1
439	1
43908	1
4391	1
43914	1
4393	1
4402	1
4405	1
44073	1
4408	1
4415	1
4418	1
44191	1
44195	1
4420	1
4421	1
4422	1
4423	1
4424	1
4427	1
4428	1
4429	1
4431	1
4433	1
4435	1
4439	1
4447	1
4449	1
44494	1
445	1
4452	1
44555	1
44613	1
4462	1
4465	1
44657	1
4468	1
44709	1
4471	1
44729	1
4476	1
4479	1
448	1
4481	1
44815	1
4482	1
4483	1
4484	1
44840	1
44844	1
4485	1
4486	1
4489	1
449	1
4490	1
4491	1
44937	1
4499	1
4502	1
4503	1
4504	1
4507	1
4508	1
4509	1
4510	1
4511	1
4512	1
4513	1
4516	1
452	1
4520	1
4521	1
45210	1
45221	1
4524	1
4525	1
453	1
4530	1
4536	1
4537	1
4549	1
4550	1
45503	1
4551	1
45525	1
4554	1
4557	1
4558	1
4559	1
4563	1
45635	1
45658	1
45664	1
45666	1
457	1
45726	1
45728	1
4581	1
4582	1
4585	1
45880	1
4590	1
4592	1
4593	1
4595	1
4598	1
4599	1
460	1
4604	1
4605	1
4606	1
4607	1
4609	1
4611	1
4612	1
4615	1
4616	1
4617	1
4619	1
4621	1
4622	1
4623	1
46231	1
4627	1
4631	1
4647	1
4649	1
4650	1
4655	1
4656	1
4657	1
46574	1
46581	1
4659	1
4660	1
4663	1
4666	1
4667	1
467	1
4671	1
4674	1
4676	1
46772	1
4678	1
4679	1
46803	1
4684	1
46865	1
4687	1
46919	1
4692	1
4694	1
4696	1
46974	1
470	1
4700	1
4703	1
4705	1
4706	1
4708	1
47099	1
4712	1
4714	1
4716	1
4718	1
4719	1
4722	1
4723	1
4724	1
4728	1
4729	1
4731	1
4732	1
4733	1
4734	1
4737	1
4742	1
47423	1
4745	1
4747	1
47518	1
4755	1
4761	1
4762	1
47629	1
4763	1
47640	1
47644	1
4765	1
4767	1
4770	1
4771	1
4772	1
4773	1
47778	1
4780	1
4781	1
4784	1
4787	1
4793	1
47940	1
47978	1
4799	1
4801	1
4803	1
4805	1
4806	1
4807	1
4809	1
4810	1
4814	1
4815	1
4816	1
48161	1
48214	1
483	1
4832	1
48326	1
4834	1
4835	1
48385	1
4841	1
4847	1
4851	1
48520	1
48598	1
486	1
4860	1
48600	1
4862	1
4870	1
4871	1
4872	1
488	1
4882	1
4883	1
4885	1
4888	1
489	1
4892	1
4895	1
490	1
4900	1
4903	1
49037	1
4904	1
4905	1
4907	1
491	1
4910	1
4917	1
4921	1
49220	1
4925	1
49276	1
4928	1
49280	1
49282	1
4929	1
49312	1
49347	1
4937	1
4938	1
4940	1
4945	1
495	1
49524	1
49526	1
4959	1
4960	1
49644	1
4967	1
4968	1
4970	1
4972	1
4974	1
4976	1
4977	1
49793	1
4981	1
4989	1
49910	1
49961	1
5	1
5004	1
5005	1
5009	1
501	1
5016	1
50160	1
5019	1
5022	1
5023	1
5025	1
50259	1
5028	1
5029	1
503	1
5030	1
5032	1
5035	1
50354	1
50356	1
5036	1
5037	1
5043	1
5044	1
50477	1
5048	1
505	1
5050	1
50514	1
5053	1
5058	1
506	1
5067	1
5068	1
5073	1
5075	1
508	1
5080	1
5082	1
5089	1
5090	1
5091	1
50912	1
50923	1
5096	1
50970	1
510	1
5100	1
5104	1
51088	1
5112	1
5114	1
5116	1
5119	1
5122	1
5123	1
5124	1
5125	1
5129	1
5130	1
5133	1
5139	1
514	1
5140	1
5141	1
51418	1
5147	1
5148	1
5150	1
5158	1
5162	1
51660	1
51678	1
5173	1
5174	1
5177	1
5178	1
518	1
5185	1
51857	1
5187	1
5188	1
5190	1
51931	1
51933	1
5194	1
5197	1
51991	1
520	1
5202	1
52101	1
5211	1
5213	1
5216	1
5221	1
52279	1
5229	1
523	1
5231	1
5233	1
5234	1
5237	1
5238	1
524	1
5242	1
52448	1
5246	1
5248	1
5249	1
525	1
5250	1
5251	1
5255	1
5256	1
5257	1
5258	1
526	1
5260	1
5265	1
5266	1
5267	1
5269	1
52694	1
5270	1
52715	1
5272	1
5275	1
528	1
5280	1
5281	1
5282	1
5283	1
5292	1
52929	1
5294	1
52952	1
530	1
53038	1
5307	1
5308	1
53133	1
5314	1
5315	1
5317	1
5318	1
53189	1
5321	1
5322	1
5326	1
5327	1
5330	1
5331	1
5337	1
5338	1
5340	1
5341	1
5342	1
5345	1
5347	1
53476	1
535	1
5350	1
5352	1
5354	1
5355	1
53578	1
5359	1
536	1
5360	1
5363	1
5366	1
537	1
5379	1
538	1
5382	1
5390	1
5391	1
5395	1
5398	1
53988	1
53999	1
540	1
54004	1
5401	1
5403	1
5408	1
542	1
5421	1
5422	1
54268	1
5427	1
5428	1
54284	1
54290	1
5430	1
54318	1
54328	1
5436	1
5439	1
5443	1
5447	1
545	1
5450	1
54503	1
54513	1
5457	1
54612	1
5473	1
54732	1
54734	1
5481	1
5486	1
5487	1
5488	1
5490	1
54934	1
5494	1
5495	1
5496	1
5498	1
55	1
5500	1
55020	1
55069	1
5510	1
55110	1
5512	1
5515	1
55178	1
5518	1
5519	1
55205	1
5521	1
55241	1
55250	1
5526	1
55274	1
55292	1
5531	1
55324	1
5533	1
5534	1
5535	1
55417	1
55440	1
55444	1
5548	1
55507	1
55517	1
5554	1
55555	1
5557	1
5559	1
5561	1
5564	1
5565	1
5568	1
55726	1
55729	1
5579	1
5581	1
55830	1
5584	1
5585	1
55854	1
5586	1
559	1
5590	1
5598	1
560	1
5600	1
56028	1
5605	1
56141	1
5615	1
5623	1
563	1
5631	1
5632	1
5633	1
5634	1
5635	1
5636	1
5637	1
564	1
5641	1
5642	1
5644	1
5645	1
5647	1
5648	1
5650	1
56508	1
5656	1
5658	1
56607	1
5662	1
5664	1
5668	1
56719	1
5676	1
56782	1
5682	1
5687	1
5688	1
56885	1
5696	1
5698	1
57	1
5701	1
5703	1
5710	1
5711	1
5714	1
5716	1
5718	1
572	1
5721	1
5722	1
573	1
5732	1
5733	1
57357	1
5744	1
57464	1
57478	1
5750	1
5753	1
57530	1
57532	1
57536	1
57550	1
576	1
5762	1
5763	1
57655	1
5768	1
57690	1
5772	1
5773	1
5775	1
57792	1
5780	1
5781	1
57848	1
5790	1
5794	1
57949	1
57964	1
5798	1
580	1
5800	1
5802	1
58029	1
5805	1
58059	1
5806	1
5808	1
5810	1
5814	1
58146	1
58156	1
5817	1
5819	1
5821	1
5823	1
58246	1
58291	1
58315	1
5832	1
5834	1
58351	1
58367	1
5838	1
58381	1
58439	1
5846	1
5847	1
5848	1
5849	1
58492	1
585	1
5850	1
5851	1
58520	1
5857	1
5858	1
58595	1
5861	1
58622	1
5863	1
58655	1
5866	1
5870	1
5873	1
5874	1
5875	1
58803	1
58808	1
5887	1
5896	1
5900	1
59018	1
59026	1
5904	1
59044	1
5906	1
5907	1
5908	1
5916	1
59258	1
5928	1
59290	1
5933	1
5936	1
5937	1
59382	1
5940	1
59418	1
5942	1
5946	1
5947	1
5948	1
5949	1
5951	1
59519	1
5955	1
5963	1
5972	1
59721	1
5976	1
5977	1
5978	1
59810	1
59816	1
5982	1
5986	1
5988	1
59900	1
59908	1
59910	1
5993	1
5997	1
600	1
6002	1
6004	1
60044	1
6007	1
6008	1
601	1
60126	1
60133	1
6015	1
6018	1
60189	1
6019	1
60201	1
6022	1
6025	1
603	1
60322	1
6033	1
60393	1
6041	1
60421	1
6046	1
60475	1
6048	1
60484	1
6049	1
60524	1
60530	1
6055	1
6059	1
60618	1
6065	1
60654	1
6069	1
607	1
6070	1
6075	1
60756	1
60758	1
6079	1
6090	1
6091	1
60939	1
60943	1
60948	1
60950	1
6096	1
6098	1
60983	1
60990	1
6102	1
61037	1
6104	1
6105	1
6108	1
6112	1
6113	1
6114	1
6115	1
6118	1
6119	1
612	1
6121	1
6124	1
61246	1
61250	1
61253	1
61255	1
6126	1
6127	1
61279	1
6129	1
6133	1
61348	1
61352	1
61354	1
61361	1
61394	1
6141	1
6146	1
61475	1
6151	1
61586	1
6161	1
61628	1
6164	1
61646	1
6166	1
6167	1
61678	1
61695	1
6172	1
6175	1
61768	1
61816	1
6182	1
6188	1
619	1
6192	1
61937	1
61950	1
61967	1
6199	1
62	1
620	1
62000	1
6203	1
6204	1
6206	1
6207	1
621	1
6211	1
62113	1
6212	1
6215	1
62153	1
6216	1
6217	1
6222	1
6224	1
62245	1
6225	1
62254	1
6226	1
62265	1
6229	1
62293	1
623	1
6230	1
6236	1
6237	1
62378	1
6244	1
6246	1
6248	1
6249	1
625	1
6255	1
62553	1
62577	1
626	1
6260	1
62644	1
6265	1
62669	1
6272	1
6277	1
62796	1
62799	1
6285	1
6287	1
629	1
6291	1
6292	1
6295	1
6307	1
6312	1
6313	1
63131	1
6315	1
63179	1
6320	1
6321	1
6328	1
6329	1
633	1
63327	1
6334	1
6336	1
634	1
6341	1
63468	1
63479	1
6351	1
63515	1
6352	1
6354	1
636	1
6369	1
63698	1
637	1
6373	1
6374	1
63760	1
638	1
63808	1
6381	1
6382	1
63840	1
6385	1
63876	1
6393	1
6397	1
6402	1
6403	1
64032	1
6410	1
6411	1
64114	1
6419	1
64197	1
642	1
6423	1
64245	1
6425	1
64273	1
64283	1
643	1
6432	1
6436	1
644	1
6449	1
645	1
6452	1
6454	1
6460	1
64611	1
64620	1
6464	1
6465	1
6471	1
64716	1
6472	1
6474	1
6475	1
6477	1
6482	1
64839	1
6489	1
64897	1
6490	1
6492	1
6494	1
6496	1
64969	1
64976	1
6499	1
65	1
650	1
65037	1
6504	1
6508	1
651	1
6511	1
65133	1
6516	1
6517	1
6519	1
6521	1
6522	1
6525	1
6526	1
6528	1
6529	1
6532	1
6533	1
6535	1
6540	1
6543	1
655	1
6553	1
6555	1
6556	1
656	1
6565	1
6571	1
6578	1
6579	1
6586	1
6591	1
6592	1
6594	1
6599	1
660	1
6600	1
6601	1
6604	1
6605	1
6606	1
6607	1
6609	1
6611	1
6613	1
6619	1
662	1
6622	1
6628	1
663	1
6633	1
664	1
6640	1
6641	1
6643	1
6646	1
6647	1
6649	1
6669	1
6670	1
6671	1
6675	1
668	1
6683	1
6697	1
6698	1
6699	1
67	1
670	1
6701	1
6702	1
6704	1
6706	1
6716	1
6718	1
672	1
6726	1
6728	1
6735	1
6737	1
6738	1
6745	1
6752	1
6756	1
676	1
6767	1
6768	1
6769	1
6771	1
6777	1
6778	1
6781	1
6786	1
679	1
6791	1
6799	1
6802	1
6807	1
6809	1
681	1
6811	1
6816	1
6819	1
6821	1
6825	1
6827	1
6828	1
6831	1
6832	1
684	1
6843	1
6844	1
6845	1
6846	1
685	1
6853	1
6855	1
6858	1
6865	1
6876	1
6877	1
6878	1
6887	1
6891	1
6895	1
6898	1
69	1
6903	1
6906	1
6909	1
6915	1
6917	1
6918	1
6921	1
6926	1
6928	1
693	1
6931	1
6933	1
6940	1
6943	1
6944	1
6949	1
6960	1
6961	1
698	1
6980	1
6981	1
6984	1
6985	1
699	1
6998	1
700	1
7002	1
7005	1
7009	1
701	1
702	1
7026	1
703	1
7030	1
7043	1
705	1
7051	1
7052	1
7054	1
7058	1
706	1
7061	1
7062	1
7066	1
7069	1
7071	1
7074	1
7078	1
7079	1
7081	1
7083	1
7091	1
7093	1
7095	1
710	1
7100	1
7103	1
7105	1
7119	1
7125	1
713	1
7130	1
7131	1
7150	1
7155	1
7157	1
7158	1
716	1
7167	1
717	1
7170	1
7172	1
7176	1
7177	1
7178	1
7181	1
7182	1
7183	1
7187	1
7189	1
719	1
7190	1
7191	1
7194	1
7196	1
7203	1
7204	1
7206	1
7207	1
7209	1
721	1
7213	1
7219	1
7220	1
7227	1
723	1
7231	1
7232	1
7233	1
7234	1
7243	1
7246	1
7249	1
725	1
7250	1
7251	1
726	1
7261	1
7263	1
7267	1
7271	1
7274	1
7275	1
7276	1
7277	1
7279	1
728	1
7283	1
7285	1
7287	1
7288	1
729	1
7290	1
7291	1
7294	1
7296	1
7299	1
730	1
7301	1
7316	1
7318	1
732	1
7320	1
7321	1
7322	1
7327	1
7328	1
7329	1
7337	1
734	1
7340	1
7341	1
7348	1
7349	1
7353	1
7356	1
7357	1
7359	1
7365	1
7372	1
7378	1
738	1
7384	1
7388	1
739	1
7391	1
7396	1
7397	1
7398	1
7401	1
7404	1
7406	1
7407	1
7416	1
743	1
7437	1
744	1
7448	1
7451	1
7455	1
7456	1
747	1
7474	1
7478	1
7479	1
7485	1
7487	1
749	1
7490	1
7493	1
7563	1
757	1
7572	1
7574	1
758	1
7580	1
7581	1
7582	1
7583	1
7613	1
7615	1
7618	1
7619	1
7622	1
7624	1
7625	1
7627	1
7647	1
7648	1
766	1
768	1
770	1
7702	1
7706	1
7716	1
772	1
7727	1
773	1
774	1
7745	1
7749	1
7750	1
7751	1
7753	1
7759	1
7761	1
7765	1
7767	1
7771	1
7773	1
7775	1
7781	1
7785	1
7789	1
7792	1
78	1
781	1
7813	1
7818	1
7820	1
7825	1
7838	1
7839	1
7843	1
785	1
7879	1
7880	1
7884	1
7887	1
789	1
790	1
7916	1
7918	1
7928	1
793	1
7931	1
7933	1
7934	1
7937	1
7938	1
7939	1
7940	1
7945	1
7946	1
7947	1
7948	1
7949	1
795	1
7950	1
7959	1
796	1
797	1
7976	1
7983	1
7992	1
8009	1
8010	1
8014	1
8025	1
8038	1
8040	1
8041	1
8057	1
8063	1
8068	1
8070	1
8095	1
8119	1
812	1
8120	1
8121	1
8126	1
8127	1
8128	1
813	1
8131	1
8133	1
814	1
8143	1
8153	1
8154	1
816	1
818	1
8188	1
8189	1
8191	1
8194	1
820	1
8201	1
8203	1
8208	1
821	1
822	1
823	1
8238	1
824	1
8240	1
8259	1
826	1
8261	1
8262	1
8267	1
8269	1
827	1
8272	1
8275	1
83	1
830	1
831	1
833	1
8331	1
8332	1
8335	1
8338	1
834	1
835	1
8363	1
8364	1
8365	1
8367	1
8374	1
8376	1
8377	1
8378	1
8379	1
8380	1
8382	1
8392	1
8394	1
8407	1
8411	1
8421	1
8425	1
843	1
844	1
845	1
8451	1
8457	1
8458	1
846	1
8461	1
8462	1
8463	1
8478	1
848	1
8480	1
8488	1
8494	1
8499	1
851	1
8511	1
8512	1
8518	1
8528	1
853	1
8530	1
8532	1
854	1
855	1
856	1
857	1
8586	1
8592	1
8594	1
8599	1
860	1
8602	1
8603	1
8609	1
8611	1
8617	1
8619	1
862	1
8621	1
8629	1
8632	1
8641	1
8642	1
865	1
8650	1
8664	1
8672	1
8674	1
868	1
869	1
8691	1
8695	1
8698	1
8699	1
870	1
8704	1
8706	1
8707	1
8708	1
871	1
8711	1
8717	1
8718	1
872	1
8720	1
8727	1
8729	1
873	1
8731	1
8732	1
8734	1
8736	1
8737	1
8739	1
8741	1
8742	1
8748	1
8749	1
875	1
8754	1
8757	1
8764	1
877	1
8776	1
8777	1
878	1
8781	1
8785	1
8786	1
8794	1
88	1
8803	1
8804	1
8806	1
8807	1
8812	1
8813	1
8814	1
8824	1
8826	1
8834	1
884	1
8840	1
8841	1
8843	1
8844	1
8845	1
8848	1
8851	1
8853	1
8856	1
8857	1
8859	1
8867	1
887	1
8871	1
8872	1
8873	1
8875	1
8876	1
8880	1
8887	1
8888	1
8891	1
8895	1
8897	1
8899	1
890	1
8909	1
8913	1
8915	1
8920	1
8924	1
893	1
8936	1
894	1
8945	1
8946	1
895	1
8951	1
8952	1
8953	1
8956	1
896	1
8964	1
8966	1
8970	1
8980	1
8982	1
8986	1
8988	1
8990	1
8992	1
8993	1
8994	1
8995	1
8996	1
8997	1
90	1
9002	1
9006	1
9007	1
9012	1
9013	1
9017	1
921	1
926	1
927	1
932	1
934	1
944	1
947	1
948	1
949	1
954	1
955	1
957	1
959	1
961	1
97	1
971	1
972	1
981	1
982	1
983	1
989	1
991	1
992	1
993	1
