1041	1
1050	1
1059	1
1060	1
1095	1
110	1
111	1
1179	1
1213	1
1245	1
1248	1
125	1
1252	1
1267	1
1268	1
1278	1
1284	1
1344	1
1357	1
1358	1
1393	1
144	1
1446	1
1449	1
1516	1
1517	1
1584	1
1589	1
1617	1
164	1
1648	1
1693	1
1704	1
1729	1
1730	1
175	1
176	1
1783	1
1784	1
1794	1
1845	1
1860	1
1883	1
1884	1
1885	1
1923	1
194	1
2004	1
2028	1
2066	1
21	1
2108	1
223	1
2231	1
2268	1
2289	1
229	1
2291	1
232	1
2329	1
235	1
2395	1
2396	1
247	1
25	1
2599	1
265	1
2683	1
272	1
2726	1
290	1
293	1
296	1
30	1
307	1
318	1
32	1
322	1
348	1
356	1
357	1
36	1
441	1
475	1
507	1
515	1
52	1
527	1
529	1
541	1
562	1
58	1
593	1
608	1
678	1
707	1
778	1
800	1
994	1
997	1
