1	7005
10	1589
100	138
1000	19
1001	1
1002	30
1003	55
1004	64
1005	43
1006	100
1007	48
1008	42
1009	100
101	429
1010	77
1011	35
1012	325
1013	293
1014	118
1015	139
1016	48
1017	224
1018	56
1019	430
102	46
1020	182
1021	75
1022	761
1023	485
1024	59
1025	310
1026	8
1027	261
1028	1699
1029	682
103	91
1030	123
1031	213
1032	595
1033	214
1034	176
1035	2207
1036	3675
1037	143
1038	26
1039	7
104	1504
1040	26
1041	1171
1042	519
1043	65
1044	39
1045	7
1046	254
1047	688
1049	395
105	836
1050	251
1051	123
1052	12
1053	16
1054	93
1055	19
1056	71
1057	298
1058	16
1059	1029
106	24
1060	1440
1061	633
1062	7
1063	16
1064	89
1066	247
1067	12
1068	26
1069	110
107	335
1070	1
1071	11
1073	3177
1075	37
1076	41
1077	907
1078	368
1079	2485
108	19
1080	2673
1081	362
1082	127
1083	123
1084	1265
1085	148
1086	720
1087	24
1088	660
1089	4054
1090	1876
1091	104
1092	517
1093	340
1094	1426
1095	839
1096	601
1097	3915
1098	14
1099	312
11	1946
110	10981
1100	94
1101	1343
1102	7
1103	659
1104	1123
1105	54
1106	4
1107	1
1109	2
111	4518
1110	2
1111	300
1112	35
1113	66
1114	34
1115	8
1116	20
1117	43
1118	8
1119	15
112	919
1120	553
1121	5
1122	1
1123	19
1124	510
1125	436
1126	74
1127	1388
1128	45
1129	449
113	48
1130	88
1131	727
1132	633
1133	30
1134	7
1135	111
1136	6194
1137	9
1138	8
1139	2
114	30
1140	8
1142	8
1143	10
1144	26
1145	11
1146	7
1147	774
1148	3255
1149	10
115	3
1150	263
1151	53
1152	12
1153	10
1154	8
1155	1
1156	1
1157	3
1158	1
116	193
1160	4
1161	217
1162	104
1163	36
1164	18
1165	10
1166	11
1167	43
1168	12
1169	59
117	138
1170	2
1171	398
1172	1867
1173	329
1174	3
1175	1082
1176	279
1177	303
1178	735
1179	768
118	61
1180	70
1181	4
1183	2305
1184	105
1185	713
1186	573
1187	118
1188	1189
1189	574
119	16
1190	113
1191	55
1192	190
1193	5785
1194	159
1196	9016
1197	6526
1198	8569
1199	2617
12	119
120	9
1200	4081
1201	2203
1202	186
1203	1938
1204	2842
1206	3920
1207	3077
1208	4080
1209	641
121	112
1210	7448
1211	782
1212	1436
1213	4665
1214	4706
1215	1405
1216	250
1217	993
1218	521
1219	3387
122	98
1220	2478
1221	6067
1222	2623
1223	1302
1224	1009
1225	3492
1226	401
1227	508
1228	1770
123	382
1230	3210
1231	1136
1232	222
1233	2759
1234	2786
1235	1406
1236	192
1237	747
1238	602
124	49
1240	4151
1241	268
1242	1874
1243	759
1244	1481
1245	763
1246	2201
1247	3064
1248	1040
1249	1170
125	452
1250	2326
1251	625
1252	3275
1253	901
1254	1043
1255	149
1256	1203
1257	632
1258	3022
1259	2704
126	34
1260	888
1261	987
1262	1750
1263	1609
1264	531
1265	3509
1266	2018
1267	1814
1268	189
1269	1145
127	4
1270	4572
1271	930
1272	1470
1273	428
1274	938
1275	1076
1276	1910
1277	592
1278	2557
1279	252
128	11
1280	634
1281	550
1282	1648
1283	935
1284	1196
1285	1204
1286	229
1287	1228
1288	2959
1289	489
129	23
1290	172
1291	3957
1292	1079
1293	1501
1295	446
1296	1140
1297	422
1298	663
1299	1418
13	67
130	1
1300	659
1301	509
1302	1197
1303	622
1304	2621
1305	241
1306	138
1307	2945
1308	6
1309	9
131	10
1310	43
1311	38
1312	67
1313	13
1314	7
1315	12
1316	9
1317	19
1318	26
1319	7
132	52
1320	386
1321	510
1322	3
1323	2
1324	3
1325	2
1326	7
1327	88
1328	5
1329	17
133	1
1330	33
1331	16
1332	20
1333	1064
1334	114
1335	5
1336	9
1337	56
1339	562
134	6
1340	336
1341	11
1342	112
1343	488
1344	427
1345	442
1346	57
1347	459
1348	508
1349	18
135	260
1350	358
1351	12
1352	43
1353	155
1354	654
1355	49
1356	2059
1357	1104
1358	2360
1359	76
136	14
1360	9
1361	327
1363	105
1364	14
1365	158
1366	152
1367	366
1368	13
1369	12
137	29
1370	758
1371	364
1372	624
1373	197
1374	1819
1375	446
1376	1035
1377	272
1378	273
1379	100
138	22
1380	1124
1381	39
1382	25
1383	15
1384	24
1385	228
1386	1
1387	2997
1388	41
1389	12
139	3
1390	108
1391	633
1392	191
1393	2025
1394	2458
1395	138
1396	931
1397	68
1398	71
1399	99
14	443
140	401
1400	7
1401	112
1404	28
1405	371
1406	42
1407	1076
1408	1339
1409	253
141	2066
1410	69
1411	790
1412	36
1413	42
1414	140
1415	31
1416	385
1417	48
1419	180
142	1
1420	14
1421	34
1422	82
1423	28
1424	4
1425	102
1426	8
1427	40
1428	34
1429	211
143	1
1430	11
1431	71
1432	46
1433	2
1434	5
1436	6
1437	33
1438	171
1439	10
144	355
1440	9
1441	346
1442	36
1443	4
1444	13
1445	32
1446	384
1447	37
1448	4
1449	889
145	512
1450	37
1453	48
1454	35
1455	12
1456	21
1457	100
1458	15
1459	162
146	26
1460	30
1461	67
1462	1
1463	20
1464	363
1465	90
1466	764
1467	5
1468	51
147	288
1470	11
1471	16
1472	20
1473	11
1474	56
1475	41
1476	350
1477	41
1479	368
148	12
1480	93
1482	34
1483	128
1484	109
1485	622
1486	11
1487	73
1488	119
1489	26
149	133
1490	16
1493	30
1495	16
1496	21
1497	27
1498	51
1499	44
15	68
150	6404
1500	1382
1501	6
1502	16
1503	21
1504	10
1507	28
1508	8
1509	18
151	1135
1511	16
1513	225
1514	11
1515	73
1516	37
1517	1554
1518	140
1519	10
152	56
1520	2
1523	10
1524	1
1525	12
1526	9
1527	2297
1528	1
1529	13
153	776
1531	7
1532	2
1533	29
1534	13
1535	84
1537	707
1538	7
1539	24
154	407
1541	84
1542	157
1543	8
1544	411
1545	126
1546	49
1547	28
1549	9
155	118
1550	21
1551	9
1552	576
1553	5
1554	139
1555	16
1556	27
1557	1
1558	3
1559	1
156	158
1561	2
1562	68
1563	16
1564	31
1565	8
1566	242
1567	1
1568	1
1569	482
157	67
1570	25
1571	43
1572	76
1573	1157
1574	10
1575	19
1577	2
1578	1
1579	2
158	403
1580	2201
1581	19
1582	23
1583	6
1584	1916
1585	25
1586	205
1587	362
1588	99
1589	157
159	128
1590	158
1591	109
1592	24
1593	42
1594	333
1595	6
1596	32
1597	410
1598	25
1599	5
16	1571
160	323
1600	21
1601	18
1602	4
1603	31
1604	36
1605	15
1606	15
1608	704
1609	16
161	2589
1610	2334
1611	210
1612	23
1613	11
1614	175
1615	180
1616	108
1617	4681
1619	186
162	1235
1620	178
1621	34
1622	2
1623	21
1624	16
1625	1395
1626	15
1627	82
1628	2
1629	47
163	901
1630	1
1631	24
1632	2
1633	233
1635	725
1636	3
1639	1349
164	229
1640	19
1641	1653
1642	33
1643	329
1644	110
1645	643
1646	34
1647	20
1648	171
1649	248
165	2228
1650	25
1651	8
1652	6
1653	1390
1654	38
1655	15
1656	3
1657	17
1658	83
1659	6
166	35
1660	97
1661	28
1662	9
1663	697
1664	7
1665	64
1666	7
1667	20
1668	12
1669	33
167	5
1670	61
1671	9
1672	210
1673	1149
1674	1138
1675	5
1676	807
1677	2
1678	554
168	718
1680	458
1681	26
1682	1551
1683	216
1684	64
1685	5
1686	34
1687	144
1688	183
1689	96
169	77
1690	267
1692	6
1693	351
1694	391
1695	15
1696	25
1697	1
1698	2
1699	149
17	4050
170	385
1701	223
1702	49
1703	16
1704	3442
1707	18
171	161
1711	217
1713	65
1715	3
1716	1
1717	193
1718	4
1719	736
172	255
1720	1
1721	2502
1722	382
1723	3
1724	1
1725	15
1726	88
1727	89
1728	18
1729	730
173	217
1730	161
1731	5
1732	2462
1733	30
1734	340
1735	128
1738	2
1739	5
174	50
1743	4
1744	9
1746	5
1747	601
1748	1059
1749	4
175	394
1750	10
1752	27
1753	145
1754	235
1755	40
1756	16
1757	34
1759	34
176	349
1760	14
1762	43
1764	1
1765	1
1767	8
1768	3
1769	105
177	82
1770	3
1771	7
1772	52
1773	3
1777	656
1779	82
178	46
1780	12
1783	26
1784	2241
1785	76
1787	5
1788	106
1789	1
179	39
1791	7
1792	149
1793	6
1794	87
1795	2
1796	1
1797	297
1798	4
1799	129
18	336
180	696
1801	184
1804	17
1805	349
1806	43
1807	5
1809	140
181	35
1810	223
1811	5
1812	21
1814	20
1816	17
1817	3
1819	4
182	24
1820	3
1821	65
1822	2
1824	25
1825	4
1826	3
1827	131
1829	12
183	48
1830	1
1831	102
1833	56
1834	641
1835	259
1836	103
1837	17
1839	4
184	26
1840	64
1841	15
1842	1
1843	2
1844	53
1845	278
1846	25
1848	46
185	1142
1850	7
1852	1
1853	3
1854	17
1855	8
1856	30
1857	5
1858	43
1859	43
186	302
1860	73
1861	9
1862	11
1863	8
1864	1
1865	26
1866	71
1869	5
187	70
1870	28
1871	7
1872	5
1873	269
1874	8
1875	61
1876	305
1877	4
1878	3
1879	27
188	186
1880	22
1881	19
1882	63
1883	381
1884	646
1885	474
1886	2
1887	15
1888	125
1889	55
189	7
1890	2
1891	1
1892	157
1893	24
1894	70
1895	131
1896	12
1897	116
1898	7
1899	4
19	517
190	134
1900	118
1901	8
1902	22
1903	2
1904	117
1905	1
1906	11
1907	548
1908	2
1909	533
191	64
1910	23
1911	98
1912	805
1913	216
1914	368
1915	2
1916	321
1917	734
1918	339
1919	34
192	3
1920	59
1921	893
1922	17
1923	2087
1924	158
1925	38
1926	7
1927	435
1928	7
1929	85
193	194
1930	3
1931	222
1932	12
1933	18
1934	113
1935	134
1936	87
1937	47
1938	123
1939	387
194	828
1940	84
1941	132
1942	132
1943	24
1944	482
1945	1114
1946	206
1947	1261
1948	216
1949	411
195	128
1950	496
1951	240
1952	1103
1953	1194
1954	1501
1955	413
1956	703
1957	835
1958	567
1959	550
196	340
1960	858
1961	2331
1962	726
1963	304
1964	258
1965	672
1966	244
1967	685
1968	2121
1969	35
197	4
1970	40
1971	26
1972	14
1973	29
1974	135
1975	42
1976	23
1977	21
1978	13
1979	21
198	690
1980	9
1981	10
1982	626
1983	47
1984	14
1985	18
1986	15
1987	14
1988	2
1989	1
199	233
1991	56
1992	16
1993	12
1994	584
1995	17
1996	4
1997	1656
1998	5
1999	32
2	944
20	88
200	11
2000	1386
2001	507
2002	295
2003	344
2004	88
2005	839
2006	521
2007	9
2008	6
2009	282
201	16
2010	815
2011	905
2012	750
2013	261
2014	48
2015	139
2016	15
2017	44
2018	588
2019	2564
202	17
2020	1119
2021	630
2022	305
2023	600
2024	54
2025	153
2026	26
2027	28
2028	6308
2029	37
203	319
2030	3
2031	5
2032	10
2033	63
2034	51
2035	17
2036	16
2037	25
2038	41
2039	1
204	356
2040	16
2041	30
2042	41
2043	62
2044	2
2045	22
2046	238
2047	8
2048	61
2049	22
205	126
2050	19
2051	23
2052	53
2053	20
2054	171
2055	4
2056	8
2057	45
2058	469
2059	121
206	105
2060	91
2061	3
2062	18
2063	7
2064	1212
2065	350
2066	185
2067	982
2068	286
2069	146
207	489
2070	307
2071	152
2072	82
2073	70
2074	24
2075	83
2076	1140
2077	66
2078	721
2079	7
208	706
2080	824
2081	1171
2082	70
2083	241
2084	75
2085	384
2086	12
2087	501
2088	64
2089	69
209	16
2090	123
2091	46
2092	13
2093	88
2094	150
2095	17
2096	501
2097	90
2098	14
2099	142
21	2217
210	17
2100	390
2101	9
2102	146
2103	4
2104	12
2105	518
2106	99
2107	56
2108	652
2109	587
211	52
2110	121
2111	96
2112	201
2113	3
2114	221
2115	1525
2116	312
2117	240
2118	235
2119	20
212	15
2120	31
2121	42
2122	43
2123	56
2124	197
2125	505
2126	60
2127	1
2128	16
2129	9
213	411
2130	279
2131	52
2132	624
2133	187
2134	236
2135	87
2136	78
2137	486
2138	286
2139	437
214	220
2140	685
2141	186
2142	36
2143	188
2144	663
2145	307
2146	136
2147	29
2148	34
2149	9
215	554
2150	856
2151	67
2152	7
2153	16
2154	26
2155	90
2156	7
2157	12
2158	11
2159	131
216	576
2160	755
2161	672
2162	32
2163	63
2164	3
2165	66
2166	83
2167	631
2168	39
2169	36
217	24
2170	22
2171	118
2172	5
2173	86
2174	1011
2175	18
2176	270
2177	11
2178	60
2179	7
218	300
2180	24
2181	53
2182	56
2183	204
2184	111
2185	12
2186	852
2187	14
2188	51
2189	14
219	87
2190	8
2191	4
2192	3
2193	562
2194	1435
2195	51
2196	4
2197	20
2198	3
2199	3
22	568
220	4
2200	2
2201	11
2202	185
2203	406
2204	54
2205	26
2206	166
2208	347
2209	8
2210	38
2211	10
2212	118
2215	2
2216	2
2219	8
222	465
2221	9
2223	2
2226	4
2227	20
223	3531
2231	405
2232	346
2233	1
2234	3
2236	134
2237	38
2238	113
2239	101
224	673
2240	81
2241	12
2242	1
2243	603
2245	197
2247	73
2248	1111
2249	56
225	611
2250	20
2252	44
2253	104
2255	7
2256	3
2258	2
2259	23
226	2
2260	9
2261	60
2262	83
2263	49
2264	8
2265	1
2266	30
2267	10
2268	1366
2269	32
227	173
2270	4
2271	19
2272	51
2273	387
2275	61
2276	35
2278	533
2279	47
228	14
2280	42
2281	2
2282	192
2283	38
2284	47
2285	62
2286	8
2287	131
2288	824
2289	1306
229	215
2290	86
2291	1520
2292	3
2293	6
2294	371
2295	51
2296	54
2297	234
2298	1
2299	1
23	173
230	592
2300	1017
2301	339
2302	951
2303	452
2304	8
2305	20
2306	11
2307	4
2308	1
2309	1
231	1553
2310	90
2311	214
2312	257
2313	786
2314	47
2315	28
2316	86
2318	594
2319	2
232	1187
2320	54
2321	768
2322	52
2323	44
2324	3482
2325	80
2326	4
2327	12
2328	59
2329	2510
233	410
2330	179
2331	85
2332	8
2333	625
2334	89
2335	178
2336	1182
2337	105
2338	40
2339	6
234	108
2340	239
2341	19
2342	31
2344	122
2345	12
2346	97
2347	44
2348	187
2349	130
235	1703
2350	1
2351	237
2352	794
2353	750
2354	27
2355	1497
2356	30
2357	492
2358	6
2359	743
236	674
2360	416
2361	120
2362	23
2363	153
2364	33
2365	31
2366	692
2367	63
2368	4
2369	160
237	292
2370	59
2371	483
2372	60
2373	25
2374	25
2375	103
2376	90
2377	36
2378	113
2379	34
238	56
2380	25
2381	25
2382	20
2383	12
2384	334
2385	9
2386	5
2387	74
2388	10
2389	85
239	125
2390	283
2391	655
2392	26
2393	317
2394	399
2395	2061
2396	3835
2397	3
2398	556
2399	47
24	473
240	30
2400	6
2401	198
2402	96
2403	297
2404	39
2405	139
2406	782
2407	414
2408	11
2409	130
241	31
2410	111
2411	117
2412	32
2413	272
2414	117
2415	2
2416	85
2417	16
2418	16
2419	18
242	79
2420	247
2421	57
2422	20
2423	498
2424	494
2425	42
2426	14
2427	709
2428	105
2429	29
243	16
2430	44
2431	260
2432	77
2433	149
2434	22
2435	39
2436	101
2437	48
2439	161
244	8
2440	13
2441	6
2442	129
2443	120
2444	2
2445	19
2446	13
2447	101
2448	17
2449	6
245	6
2450	48
2451	6
2453	43
2454	167
2455	439
2456	9
2457	77
2458	8
2459	238
246	2319
2460	21
2461	8
2462	7
2463	194
2464	3
2465	3
2466	4
2467	481
2468	61
2469	105
247	1066
2470	332
2471	51
2472	5
2473	8
2474	112
2475	23
2476	92
2477	5
2478	188
2479	4
248	119
2480	3
2481	44
2482	14
2483	29
2485	157
2487	2
2488	120
249	569
2490	443
2491	26
2492	25
2493	36
2494	17
2495	103
2496	128
2497	74
2498	14
2499	33
25	2940
250	40
2500	21
2501	824
2502	2229
2503	22
2504	42
2505	72
2506	92
2507	16
2509	7
251	12
2511	102
2512	26
2513	88
2514	7
2515	5
2516	5
2517	61
2518	99
2519	36
252	434
2520	64
2521	11
2522	13
2523	2
2524	45
2525	11
2526	5
2527	242
2528	303
2529	1188
253	1936
2530	74
2531	54
2532	78
2533	111
2535	12
2536	3
2537	2
2538	8
2539	246
254	17
2540	20
2541	389
2542	1567
2543	2
2544	12
2545	13
2546	37
2547	1
2548	13
2549	18
255	23
2550	198
2551	159
2552	4
2553	102
2554	42
2555	14
2557	8
2558	26
2559	12
256	185
2560	84
2561	25
2562	15
2563	104
2564	1
2565	414
2566	8
2567	69
2568	17
2569	3
257	259
2570	73
2571	9132
2572	547
2573	22
2574	31
25744	1
25746	2
2575	270
25750	32
25752	3
25753	19
25755	6
25757	2
25759	1
25762	1
25763	16
25764	5
25766	5
25769	20
2577	5
25771	15
25773	5
25774	5
25777	31
2578	8
25788	39
25789	1
2579	58
25793	1
25795	8
25798	1
258	52
2580	695
25805	17
2581	244
2582	25
25825	4
25826	3
25827	16
25828	8
2583	205
25833	7
25835	3
25839	5
25841	9
2585	80
25850	27
25855	5
25856	18
2586	3
25865	9
25866	5
25868	13
2587	22
25870	6
25886	6
25888	1
2589	7
25891	5
25893	3
25898	6
25899	2
259	53
2590	22
25900	2
25901	5
25905	3
2591	1
25916	1
2592	1
25923	23
25924	1
25927	5
25929	4
2593	59
25930	4
25937	6
25938	6
2594	157
25940	18
25941	1
25943	2
25945	4
25947	5
2595	1
25951	2
25952	10
25954	15
2596	124
25961	5
25962	2
25963	5
2597	9
25971	5
25975	1
2598	77
2599	1725
25993	2
25995	5
25996	8
25999	7
26	303
260	12519
2600	259
26002	1
26005	2
26007	2
26012	4
2602	3
2603	4
2604	2
26048	2
2605	244
26052	12
26055	11
2606	55
26064	11
2607	90
26073	2
26078	6
2608	2
26082	27
26084	44
26085	8
2609	101
26094	21
261	1080
2610	65
26101	7
2611	163
26111	22
26116	4
26119	5
2612	153
26122	12
2613	55
26131	123
26133	38
26139	2
2614	5
26142	1
26147	5
26148	6
2615	26
26150	51
26151	22
26152	16
26158	2
26159	2
2616	57
26163	18
2617	629
26170	4
26171	25
26172	20
26176	1
26178	6
2618	115
26181	2
26187	1
26198	2
26199	4
262	490
2620	18
26203	5
26208	1
2621	49
2622	205
26222	3
26230	5
26231	10
2624	145
26240	2
26242	37
26246	11
26249	1
2625	24
26251	1
26258	23
2626	23
26269	6
2627	19
26270	2
2628	1555
26280	3
26283	5
26285	10
2629	19
26294	9
263	59
2630	56
26302	6
26303	2
26306	1
26313	7
26318	6
2632	13
26326	3
2633	103
26339	1
2634	25
26349	3
2635	6
26350	27
26359	6
26366	5
2637	3
26371	4
26375	8
2638	1
26386	4
2639	62
26391	4
26394	4
26398	2
264	11
2640	812
2641	276
26413	2
2642	47
26422	16
26425	21
2643	24
2644	241
2646	2
26462	10
26465	1
2647	11
26472	10
26476	8
26479	2
2648	482
26483	1
26485	12
26487	1
2649	15
26491	3
26492	2
26495	3
26497	2
265	2331
2650	1
2651	13
2652	6
26521	2
26524	3
26527	8
2653	6
2654	78
26547	8
2655	1
26550	1
26554	12
26555	12
26558	1
2656	10
26561	1
26562	1
26564	4
26567	1
2657	1152
26577	1
26578	16
2658	3
26585	5
2659	16
26599	9
266	1750
2660	114
26603	3
26606	14
2661	35
26614	37
26616	3
2662	433
26629	1
2663	8
2664	579
26649	4
2665	27
2666	4
26662	94
26663	3
2667	5
2668	25
26680	14
26681	2
26686	2
2669	43
26694	16
26695	1
26696	3
26699	1
267	158
2670	139
26704	6
2671	708
26713	10
2672	139
26729	55
2673	9
26734	1
2674	7
26743	1
26744	1
26745	5
2675	7
26750	3
26758	2
2676	101
2677	450
26770	2
26776	80
2678	4
26782	2
26788	3
2679	1
26791	3
26796	3
268	32
2680	1
2681	34
26810	6
26819	1
2682	97
2683	1250
26838	3
2684	2
26840	22
26842	1
2685	3
2686	825
26865	23
2687	328
26870	2
26875	5
2688	176
2689	18
26898	1
269	45
2690	324
26903	6
2691	44
2692	2366
2693	160
26934	1
26939	11
2694	325
2695	2
2696	130
26965	2
2697	36
26974	10
26985	4
2699	195
27	126
270	77
2700	1892
27005	6
2701	90
2702	111
27020	13
27022	4
2703	1
2704	49
2705	12
2706	1602
2707	380
2708	82
2709	93
27095	1
271	85
2710	911
2711	29
2712	791
2713	42
2714	30
2715	3
2716	2469
2717	111
2718	177
27186	1
2719	70
27193	8
272	989
2720	28
2721	70
2722	133
2723	270
2724	217
2725	64
27255	1
2726	274
27266	54
2727	22
27271	1
2728	523
2729	272
273	294
2730	214
2731	540
27316	1
27317	47
2732	274
2733	6
2734	127
2735	68
2736	76
27362	2
2737	1
27370	1
27376	1
2738	35
2739	640
27391	7
27397	9
274	46
27408	3
2741	7
27410	14
27416	7
2743	1
27434	1
2744	37
2745	280
27456	3
2746	429
2747	153
2748	6
2749	14
27491	1
275	37
2750	189
27509	1
2751	16
27513	1
2752	31
27523	14
27528	1
2753	10
2754	1
27544	1
2755	3
2756	5
27563	6
27564	1
2757	64
2758	9
27584	2
2759	139
27592	37
276	162
2760	5
27604	9
27608	4
2761	968
27611	34
2762	5881
27627	1
2763	740
2764	173
27648	2
2765	11
2766	10
27660	74
27664	4
2767	11
27674	8
2768	6
27685	1
27689	1
2769	21
277	816
2770	315
27700	11
27706	58
2771	49
2772	82
27721	97
27722	6
27727	38
27728	45
2773	4
27731	21
27734	1
27735	1
2774	50
27741	35
27744	3
2775	11
2776	21
27768	3
2777	2
27772	11
27773	390
27778	1
27783	2
27788	25
2779	160
27790	25
27792	6
27797	2
278	28
2780	22
27801	48
27803	76
27808	36
2781	21
27812	2
27815	60
27816	8
2782	31
27820	17
27821	21
27822	5
27826	2
27828	2
2783	1
27830	1
27831	94
27833	1
27834	28
27837	4
27838	15
27839	6
2784	26
27841	3
27843	1
27846	128
2785	5
27850	9
27851	1
2786	8
27865	2
27866	2
27869	16
2787	25
27873	32
27875	2
27876	3
27878	38
27879	17
2788	703
27882	18
27888	1
2789	26
27899	20
279	117
2790	3
27904	78
27905	6
2791	2217
27912	29
2792	106
2793	29
2794	81
2795	634
2796	34
2797	1440
2798	11
2799	7
28	637
280	563
2800	17
2801	73
2802	43
2803	121
2804	2529
2805	62
2806	23
2807	4
2808	43
2809	8
281	366
2810	77
2812	8
2813	11
2815	30
2816	2
2817	3
2818	4
2819	418
282	975
2820	38
2822	65
2823	3
2824	14
2825	3
2826	252
2827	21
2828	9
2829	30
283	11
2830	20
2831	5
2833	11
2834	13
2835	8
2836	45
2837	12
2838	2
2839	24
284	4
2840	157
2841	245
2842	15
2843	160
2844	22
2846	64
2847	42
2848	48
2849	3
285	5
2850	4
2851	3
2852	101
2853	9
2854	1
2855	1
2856	12
2857	424
2858	8584
2859	412
286	3
2860	51
2861	125
2862	19
2863	645
2864	11
2865	4
2866	79
2867	98
2868	4
2869	4
287	33
2870	94
2871	905
2872	635
2873	8
2874	29
2875	79
2876	9
2877	72
2878	3
2879	64
288	1858
2880	27
2881	247
2882	42
2883	95
2884	2
2885	37
2886	7
2887	3
2888	36
2889	66
289	202
2890	841
2891	75
2892	3
2893	21
2894	17
2896	2
2897	16
2898	8
2899	40
29	1314
290	725
2900	13
2901	113
2902	11
2903	3
2904	11
2905	166
2906	15
2907	44
2908	1032
291	13
2911	9
2912	302
2913	13
2914	3
2915	476
2916	1296
2917	558
2918	2782
2919	424
292	1694
2920	265
2921	255
2922	112
2923	15
2924	212
2925	168
2926	229
2927	125
2928	39
2929	139
293	3388
2930	16
2931	57
2932	226
2933	10
2934	7
2935	289
2936	253
2937	187
2938	47
2939	24
294	45
2940	141
2941	204
2942	88
2943	109
2944	734
2945	5
2946	258
2947	916
2948	512
2949	473
295	13
2950	35
2951	624
2952	144
2953	60
2956	20
2959	6031
296	14973
2960	6
2961	87
2962	18
2963	4
2964	21
2965	7
2966	537
2967	87
2968	793
2969	119
297	14
2970	176
2971	325
2972	73
2973	679
2974	10
2975	27
2976	186
2977	9
2978	27
2979	5
298	13
2981	5
2983	67
2984	15
2985	688
2986	32
2987	1426
2988	49
2989	176
299	368
2990	113
2991	210
2992	3
2993	269
2994	8
2995	55
2996	63
2997	3796
2998	4
2999	6
3	713
30	167
300	1805
3000	1144
3002	36
3003	14
3004	19
3005	235
3006	1015
3007	342
3008	74
3009	1
301	38
3010	26
3011	111
3012	12
3013	12
3014	7
3015	31
3016	103
3017	10
3018	159
3019	470
302	215
3020	302
3021	6
3022	480
3023	2
3024	14
3025	2
3026	2
3028	93
3029	19
303	195
3030	640
3031	1
3032	126
3033	673
3034	335
3035	453
3036	60
3037	688
3038	104
3039	676
304	50
3040	92
3041	1
3042	2
3043	2
3044	414
3045	38
3046	42
3047	8
3048	6
3049	11
305	92
3050	5
3051	28
3052	1263
3053	107
3054	23
3055	51
3056	3
3057	3
306	1548
3060	511
3061	196
3062	365
3063	10
3064	6
3065	1
3066	170
3067	416
3068	237
3069	33
307	1199
3070	351
30701	7
30707	508
3071	219
30712	3
3072	779
30721	2
3073	11
3074	174
30745	2
30747	2
30749	519
3075	123
3076	57
3077	193
3078	49
3079	127
30793	176
308	775
30803	69
3081	625
30810	274
30812	118
30816	75
30818	2
3082	267
30820	31
30822	20
30825	54
3083	641
30846	7
30848	11
3085	1
30850	25
3086	51
3087	235
3088	509
30883	3
3089	586
30892	8
30894	2
30898	12
309	58
3090	220
3091	221
3092	29
3093	224
3094	81
30949	2
3095	694
3096	102
3097	236
30970	1
3098	500
30981	1
3099	77
30991	2
30996	3
31	447
310	9
3100	479
31004	1
3101	493
3102	104
31026	2
3103	12
31030	6
31035	10
3104	554
3105	499
3106	3
3107	263
31079	1
3108	674
31086	3
3109	8
311	3
3110	8
31104	2
3111	134
31114	4
31116	22
3112	37
31123	1
3113	69
3114	2768
31148	3
3115	28
31150	1
3116	1
31162	4
3117	37
3118	22
31184	20
31193	22
312	40
3120	17
3121	11
3122	6
31223	1
31225	26
3123	2
3124	6
31247	1
3125	121
31251	3
31255	2
3126	3
31260	2
3127	21
31270	1
3128	22
3129	133
313	42
3130	5
3131	1
3132	6
3133	31
3134	366
31347	2
3135	198
31362	1
31364	13
31367	3
3137	6
3138	24
3139	4
314	664
3140	13
31408	2
3141	14
31410	202
3142	89
31420	7
31422	2
31424	2
31427	6
31429	3
3143	10
31433	4
31435	5
31437	31
3144	9
31445	1
31447	1
3145	74
3146	68
31467	2
3147	2210
3148	535
31485	4
315	349
3150	25
3152	460
31522	9
31528	5
3153	138
3154	4
3155	196
31553	1
31555	1
3156	134
3157	114
31577	1
3158	35
31584	1
3159	377
31590	2
316	1988
3160	1580
3161	13
31617	3
3163	208
3165	9
31658	254
3166	1
31660	9
3167	99
3168	449
31685	78
31687	1
31689	3
3169	125
31694	20
31696	82
317	799
31700	2
31702	2
31705	2
3171	18
3172	3
31724	4
3173	121
31737	1
3174	417
3175	1085
3176	769
3177	36
31770	5
3178	362
3179	101
318	16460
3180	1
31804	26
31807	3
3181	170
3182	138
3183	16
3184	1
3185	138
31854	1
3186	208
31867	4
31878	211
3188	42
3189	115
319	822
3190	4
31903	9
3192	16
31923	27
31930	1
31934	9
3194	103
31952	19
31956	3
3196	470
3197	31
31973	5
3198	445
3199	18
32	5495
320	26
3200	111
32002	1
32009	2
3201	300
32017	2
32019	6
3202	12
32022	3
32025	5
32029	12
3203	223
32031	15
3204	92
3205	14
32058	3
3206	19
32076	2
32078	4
3208	50
32090	1
321	131
3210	660
3211	17
32124	2
3213	121
32139	4
3214	21
32149	1
3215	2
32151	2
32153	1
3216	6
32160	9
32162	1
3217	35
32170	3
32174	1
32179	13
3218	13
3219	89
322	314
3221	40
32213	3
3222	17
3223	24
32234	2
32239	1
3224	100
3225	29
3226	1
32261	3
3228	1
32285	1
32289	3
3229	1
32291	7
32296	2
32298	6
3230	38
32300	6
32302	5
32314	1
32316	2
3232	15
3233	2
32333	1
32347	1
32349	3
3235	24
32352	1
3236	1
32361	1
32369	3
32371	5
3238	21
32381	4
32383	2
32387	9
3239	3
324	57
3240	7
3241	30
3242	5
3243	26
3244	121
32444	2
3245	22
32456	2
3246	421
32460	10
32469	11
3247	139
3248	22
3249	64
325	34
3250	103
3251	69
3252	488
32525	4
3253	663
3254	90
3255	496
3256	516
3257	98
3258	43
32582	11
32584	4
32587	1068
32589	2
3259	138
32591	3
32593	1
32596	11
32598	10
326	289
3260	358
32602	1
3261	132
32617	1
3262	134
32627	1
3263	99
32632	1
3264	106
32646	2
32649	4
3265	411
32657	4
3266	175
32666	1
3267	298
3268	4
3269	74
327	310
3270	77
3271	263
3272	74
32721	1
3273	95
3274	46
3275	621
3276	10
32770	2
3279	1
32792	2
328	149
3280	1
3281	33
3282	10
3283	4
3284	18
3285	84
32853	21
3286	5
32862	1
3287	31
32875	1
32882	3
3289	33
32892	16
329	1717
3292	8
3295	5
32954	1
3296	154
3298	215
32988	2
3299	6
33	4
330	50
3300	280
33004	120
3301	225
3302	22
3303	5
33036	2
3304	24
3305	1
3306	29
3307	492
33072	2
3308	25
33085	7
3309	17
331	35
3310	100
3311	14
33113	1
33124	5
33126	2
3313	1
33132	1
33134	2
33136	1
33138	9
3314	2
33145	10
33150	1
33154	42
33158	4
3316	22
33162	50
33164	2
33166	599
33168	1
3317	545
33171	34
3318	16
33188	1
3319	10
332	58
3320	25
3323	2
33237	4
3324	20
3325	10
3326	17
33264	2
3327	66
3328	327
3329	29
333	807
3330	90
3331	1
33312	16
3333	5
3334	362
3335	2
33358	1
3338	44
3339	41
334	292
3340	7
3341	122
3342	173
33421	1
3343	3
33437	40
3344	8
3345	5
33451	7
33454	3
3347	155
3349	3
33493	487
33499	3
335	25
3350	100
3351	6
3353	2
33539	5
3354	71
3355	86
33558	2
33564	11
3357	66
3358	188
33585	5
3359	478
33592	2
336	15
3360	488
33603	4
3361	681
33615	54
3362	768
33621	1
3363	789
33639	28
3364	126
33644	1
33646	20
33649	5
3365	306
33660	177
33669	18
3367	11
33672	9
33677	3
33679	87
3368	31
33683	12
337	1817
3370	16
3371	14
3372	22
33722	3
33725	7
3373	1
3374	5
3375	11
33750	7
3378	3
3379	62
33794	893
338	161
3380	1
33817	10
33819	1
3382	1
33826	6
33830	4
33832	4
33834	20
33836	4
33838	6
3384	147
3385	7
3386	587
3387	19
3388	25
33880	50
3389	1
33896	7
339	2066
3390	1
33903	33
33905	1
3391	2
3392	7
3393	1
3394	15
3395	2
3396	714
3397	189
3398	168
3399	29
34	4773
340	98
3400	4
34002	2
3401	3
34018	3
3402	6
3403	3
3404	120
34048	56
3405	74
3406	37
34063	1
34065	1
34072	123
3408	1019
3409	177
341	33
3410	6
3412	60
3413	1
3414	17
34143	1
34148	7
3415	61
34150	19
34153	42
34155	3
34162	198
34164	7
3417	28
34177	1
3418	926
3419	5
34198	1
342	1061
3420	86
3421	1439
3422	52
3423	4
3424	743
3425	17
3426	33
3427	14
34271	25
3428	19
3429	489
34292	2
34299	1
343	29
3430	51
3431	11
34319	56
3432	7
34323	18
34326	6
3433	4
34332	10
34334	5
34336	9
34338	35
3434	4
3435	988
34359	1
3436	15
3437	3
3438	92
3439	43
344	1570
3440	22
34405	454
3441	119
3442	2
3443	1
34437	53
3444	67
3445	16
3446	34
3447	53
3448	634
34482	5
3449	5
345	1192
3450	249
3451	272
3452	89
34520	2
34523	9
34528	20
3453	17
34530	2
34532	13
34534	16
34536	10
34538	1
3454	11
34540	5
34542	62
3456	57
3457	30
34583	2
3459	7
346	50
34608	1
3461	192
3462	592
34624	1
3464	1
34643	1
3465	1
3466	68
3467	251
3468	640
3469	327
347	126
3470	167
3471	1511
3472	3
3473	13
3474	1
3475	105
3476	406
34767	1
3477	129
3478	35
3479	286
348	874
3480	37
3481	1504
3483	42
3484	43
3486	4
3487	41
3488	1
3489	197
349	2792
3490	2
3491	5
3492	5
3494	171
3495	3
3496	13
3497	12
3498	314
3499	610
35	136
350	942
3500	10
3501	65
3502	40
3503	222
3504	706
3505	261
3506	21
3507	362
3508	382
3509	8
351	189
3510	467
3511	13
3512	203
3513	108
3514	10
3515	53
3516	92
3517	1
3518	6
3519	45
352	80
3520	3
3521	144
3522	4
3523	1
3524	158
3525	68
3526	362
3527	942
3528	74
3529	55
353	1465
3530	6
3531	7
3533	4
3534	100
3535	391
3536	245
3537	4
3538	85
3539	36
354	40
3540	3
3543	515
3544	20
3545	495
3546	163
3547	39
3548	243
3549	184
355	99
3550	57
3551	342
3552	886
3553	8
3554	76
3555	283
3556	327
3557	6
3559	29
356	11576
3562	1
3563	7
3564	7
3565	105
3566	75
3567	9
3568	4
3569	58
357	2777
3570	1
3571	36
3572	2
3573	1
3574	1
3575	2
3576	73
3577	2
3578	3768
3579	8
358	138
3580	5
3581	49
35836	252
3584	12
3585	5
3586	12
3587	11
3588	12
3589	1
359	18
3590	1
3591	112
3592	5
3593	13
3594	64
3595	1
35957	9
3596	6
3597	9
3598	103
3599	39
36	3691
360	37
3600	10
3601	2
3602	2
3603	1
3604	49
3605	6
36056	1
3606	144
3607	1
3608	399
3609	8
361	216
3610	2
3611	3
3612	20
3613	27
3614	53
3615	71
3616	19
3617	312
3618	84
3619	22
362	533
3620	6
3621	3
3622	31
3623	421
3624	266
3625	7
3626	12
3627	46
36276	31
3628	11
3629	339
363	122
3630	2
3631	2
3632	27
3633	132
3634	122
3635	172
3636	3
3637	12
3638	114
3639	147
364	4416
3640	4
36401	4
3641	6
3642	1
3643	5
3644	1
3645	16
3646	31
3648	1
3649	46
365	73
36513	4
36517	120
36519	11
3652	6
36523	1
36525	25
36527	20
36529	177
3653	86
36533	1
36535	66
36537	10
3654	294
3655	26
3656	1
3657	1
3658	43
3659	12
366	112
3660	16
3661	8
3662	8
3663	6
3664	7
3665	3
3666	1
3668	247
3669	3
367	1483
3670	10
36708	43
3671	1224
3672	27
3673	6
3674	4
3675	208
3676	259
3677	176
3678	50
3679	58
368	958
3680	40
3681	337
3682	73
3683	741
3684	58
3685	167
3686	73
3687	2
3688	63
3689	12
369	55
3690	4
3691	2
3692	7
3693	38
3694	5
3695	2
3696	10
3697	82
3698	128
3699	210
37	5
370	441
3700	97
3701	54
3702	550
3703	649
3704	151
3705	12
3706	233
3707	50
3708	33
3709	4
371	147
3710	4
3711	8
3712	60
3713	35
3714	3
3715	4
3716	1
3717	300
3718	21
3719	10
372	327
3720	65
3721	3
37211	2
3722	2
3723	127
3724	85
37240	61
3725	21
3726	68
3727	84
3728	106
37287	1
3729	47
373	389
3730	596
3731	16
3732	9
3733	140
3734	20
3735	360
3736	50
3737	27
3738	12
37380	5
37382	11
37384	23
37386	12
3739	55
374	56
3740	260
3741	286
3742	266
3743	19
3744	66
3745	204
3746	61
3747	75
37475	12
37477	1
3748	2
3749	18
375	11
3751	1199
3752	191
3753	963
3754	20
37545	2
3755	233
3756	5
3757	2
3758	14
3759	8
376	510
3760	109
3761	30
3763	155
3764	15
3765	7
3766	4
3767	3
3768	3
3769	32
377	3242
3770	46
3771	28
37720	10
37727	7
37729	107
3773	11
37731	46
37733	102
37736	5
37739	5
3774	3
37741	145
3775	3
3776	6
3777	5
378	82
3780	7
3781	3
3782	5
3783	201
37830	49
3784	50
3785	248
37853	2
37855	3
37857	32
3786	107
3787	61
3788	187
3789	114
379	93
3790	20
3791	75
3792	13
3793	1277
3794	46
3795	21
37955	1
3796	2
3797	4
3798	212
3799	12
38	36
380	3379
3800	1
3801	192
3802	11
3803	2
38038	227
3804	8
3805	7
3806	7
38061	184
3807	14
3808	46
3809	271
381	368
3810	7
3811	331
3812	109
3813	38
3814	184
3816	31
3817	4
38188	3
3819	305
38198	1
382	119
3820	4
3821	40
3822	68
3823	34
3824	25
3825	82
3826	59
3827	106
38294	1
383	198
3830	12
38304	54
3831	116
3832	5
3833	8
3834	5
3835	7
3836	182
3837	9
3838	5
38388	3
3839	10
384	21
3840	14
3841	17
3843	10
3844	235
3845	5
3846	10
3847	8
3849	30
38499	10
385	9
3850	1
3851	50
3852	116
3853	2
3854	18
3855	45
3857	19
3858	30
3859	39
386	7
3860	1
38600	4
3861	76
3862	5
3863	229
3864	29
3865	62
3866	1
3867	4
3868	501
3869	113
387	15
3870	18
38701	2
3871	241
3872	59
3873	123
3874	4
3875	8
3876	4
3877	7
3878	3
3879	25
38798	24
388	47
3880	11
3881	4
3882	123
3883	1
3885	6
3886	8
3887	1
3888	2
38886	44
3889	21
389	22
3891	1
3892	6
3893	168
3894	9
3895	9
3896	85
3897	1861
3898	6
38992	4
39	1904
390	81
3900	4
3901	18
3902	5
3903	28
3905	8
39052	15
3906	8
3908	9
3909	15
391	25
3910	503
3911	1029
3912	1
3913	10
3914	25
3915	47
3916	651
3917	130
3918	49
39183	325
3919	10
392	20
3920	45
3921	2
3922	3
3923	2
39231	17
39234	14
3924	2
3925	132
3926	25
3927	86
3928	76
3929	105
39292	182
393	13
3930	56
39307	6
3931	1
3932	110
3934	5
3936	42
3937	10
3938	1
39381	31
3939	2
39390	2
39394	1
39398	1
394	9
3940	1
39400	1
39402	1
39408	1
3941	1
39414	7
39416	2
39419	2
3942	1
39425	1
39427	19
3943	43
39435	3
3944	4
39441	6
39444	22
39446	44
39449	5
3945	8
3946	8
3947	49
3948	778
3949	1517
395	1
3950	47
3951	28
3952	217
3953	13
3954	2
3955	14
3956	6
3957	26
3958	3
3959	237
3960	4
3961	4
3962	1
3963	27
3964	32
3965	16
3966	31
3967	663
3968	73
3969	281
397	1
3970	14
39703	1
3971	9
39715	6
3972	286
3973	12
3974	5
3975	2
3976	2
3977	340
3978	110
3979	57
398	2
3980	189
3981	32
3982	10
3983	501
3984	166
3985	35
3986	77
39869	13
3987	46
3988	166
39886	4
3989	51
399	1
3990	12
3991	8
3992	38
3993	147
3994	695
3995	5
3996	3327
3997	24
3998	66
3999	64
4	116
40	111
400	3
4000	31
40010	2
4002	426
4003	16
4004	1
4005	61
4006	273
4007	227
4008	174
4009	51
401	1
4010	29
4011	1577
4012	10
4014	721
40148	12
4015	75
4016	347
4017	127
4018	228
4019	387
402	7
4020	68
4021	90
4022	1018
4023	192
4024	37
4025	217
4026	3
4027	1891
40278	46
4028	29
4029	173
4030	12
4031	24
4032	4
4033	200
40337	1
40339	4
4034	1638
4035	10
4036	125
4037	282
4038	5
4039	119
404	8
4040	24
4041	228
40412	15
40414	19
4042	29
4043	29
4044	1
4045	5
4046	42
4047	169
4048	2
4049	1
405	90
4050	1
4052	59
4053	15
4054	109
4055	44
4056	56
40581	7
40583	74
40586	1
4059	1
406	1
4060	2
4061	78
40614	6
4062	55
40629	158
4063	12
4064	4
4065	5
4066	69
4067	36
4068	11
4069	84
407	90
4072	10
40723	6
4073	1
40732	42
4074	4
4076	2
4077	51
4078	7
4079	52
408	34
4080	14
4081	1
40815	340
40817	1
40819	251
4082	63
40826	34
4083	5
4084	63
4085	468
40851	4
4086	86
40870	26
4088	1
4089	13
409	14
4090	66
4091	48
4092	4
4093	1
40946	7
4095	52
40952	1
40955	11
40959	4
40962	2
40966	6
40969	1
4097	6
40973	2
4098	32
40988	2
4099	2
41	761
410	503
4100	2
4101	2
41014	2
4102	164
41025	3
4103	257
4104	15
4105	373
4106	2
4108	3
4109	4
411	7
4110	6
4111	15
4113	16
41136	1
4114	3
4115	1
4116	31
4117	169
4118	1
4119	23
412	423
4120	2
4121	73
4122	4
4123	8
4124	11
4126	21
4127	1
4128	274
41285	125
4129	4
413	104
4130	2
4131	6
4132	20
4133	12
41336	1
4135	19
4136	6
4137	2
4139	2
414	5
4140	3
4141	12
4142	15
41425	1
4143	9
4144	257
4146	16
4147	5
4148	187
4149	34
415	48
4151	20
4152	7
41527	18
4153	11
4154	10
4155	37
41566	217
41569	158
4157	1
41571	47
41573	10
4158	10
41585	2
4159	25
416	38
4160	22
4161	62
4162	5
41627	1
4163	2
4164	3
4165	5
4166	44
4167	35
4168	16
4169	6
41699	1
417	324
4171	5
41716	15
4172	2
41721	3
4173	2
4174	67
4175	18
4176	6
41769	1
4177	5
4178	88
4179	22
418	27
4180	3
4181	15
4182	1
4183	40
4184	37
4185	12
4186	27
41863	27
4187	80
4188	34
4189	13
419	60
4190	54
4191	46
4192	2
4193	4
4194	32
4195	21
4196	3
4197	16
4198	1
4199	3
41997	157
42	85
420	343
4200	5
42002	15
42004	34
42007	1
42009	2
4201	4
42011	5
42013	2
42015	6
42018	11
42021	2
4203	7
4204	1
4205	23
42053	1
4206	7
4207	17
4208	7
4209	1
42094	11
421	121
4210	103
4211	93
4212	24
4213	1
4214	84
4215	4
4216	59
4217	28
4218	59
4219	23
42197	13
422	43
4220	47
4221	7
42217	8
4222	2
4223	310
4224	18
4225	121
4226	3969
4227	5
4228	21
4229	7
423	56
4230	1
4231	36
4232	85
4233	16
4234	21
4235	493
4236	7
4237	25
4238	90
4239	323
424	7
4240	4
4241	6
42418	34
4242	6
4243	5
4244	3
4245	4
4246	555
4247	31
4248	26
4249	2
425	63
4250	6
4251	26
4252	9
4253	1
4254	14
4255	26
4256	6
4259	17
426	136
4260	2
4261	8
4262	879
4263	67
42632	41
42634	2
4265	20
4266	3
4267	22
4268	2
427	107
4270	199
4271	13
42718	14
4272	12
42721	2
42723	12
42725	38
42728	5
4273	25
42730	10
42732	7
42734	10
42738	35
4274	23
4275	35
4276	57
4277	16
4278	74
42783	1
4279	6
428	426
4280	191
4281	2
4282	21
4283	19
4284	3
4285	20
4286	3
4287	5
4288	2
4289	11
429	37
4290	17
42900	5
4291	67
4292	82
4293	7
4294	21
4296	55
4297	35
4298	90
4299	172
43	213
430	3
4300	6
4301	6
4303	1
4304	80
4305	12
4306	2694
4307	2
4308	1138
431	632
4310	241
4312	33
4313	5
4316	7
4317	18
4318	21
4319	1
432	210
4321	189
4322	111
4323	16
4324	3
4325	21
4326	233
4327	365
4328	4
4329	110
433	21
4330	12
4331	7
4332	6
4333	52
43333	18
4334	67
4335	7
4336	21
4337	40
43376	22
4338	77
4339	37
43396	52
434	888
4340	12
4341	9
43419	2
4342	15
4343	59
4344	163
4345	67
43460	9
4347	23
4348	3
4349	121
435	207
4350	30
4351	120
4352	11
4353	11
4354	5
4355	11
43556	3
43558	4
4356	102
43560	17
4357	42
4359	123
436	19
4360	13
4361	617
4363	4
4365	1
4366	60
4367	88
43679	8
4368	23
43684	3
4369	178
437	28
4370	353
43708	16
4371	15
4372	31
4373	19
43744	5
4375	3
4376	7
4378	166
4379	1
438	15
4380	88
4381	53
4382	2
4383	22
43836	3
4384	12
4385	1
4386	29
43869	3
4387	55
43871	3
4388	50
4389	8
43899	1
439	3
4390	2
43904	1
4391	13
43910	5
43914	4
43917	8
43919	6
4392	21
43921	22
43923	1
43928	7
4393	14
43930	2
43932	1
43934	3
43936	5
4394	5
4395	8
4396	26
4397	4
4398	2
43987	1
4399	5
44	312
440	1508
44004	6
4401	7
44022	42
4403	13
4404	22
4405	28
44058	1
4406	192
4407	46
44073	2
4409	2
441	735
4410	49
4411	18
4412	1
4413	1
4414	14
4415	13
4416	11
44168	1
4417	2
4418	3
44189	1
4419	23
44191	630
44193	12
44195	224
44197	4
44199	147
442	612
4420	7
44204	24
4422	100
44225	1
4423	14
4424	209
4425	2
4426	49
4427	255
4428	23
4429	29
443	61
44301	2
4431	3
4432	117
4433	27
4434	5
4435	1
4436	11
4437	55
4438	23
4439	7
44397	7
44399	3
444	17
4440	28
4441	13
4442	15
4443	36
4444	63
4445	4
4446	221
4447	254
4448	125
4449	2
445	65
4450	36
4451	4
4452	37
4453	13
4454	6
44555	321
4458	18
4459	6
44595	3
446	636
44613	3
4462	3
4463	1
44633	9
4464	63
4465	75
44653	1
44657	6
4466	8
44665	189
4467	215
4468	16
4469	3
44694	81
447	3
4470	6
44709	21
4471	1
4472	1
44729	1
4473	9
44731	3
4474	76
4475	9
44759	2
4476	9
44761	72
4477	10
4478	27
44788	20
4479	13
448	279
4480	10
4481	1
44815	1
4482	2
44828	6
4483	7
4484	11
44840	7
44849	5
4485	3
4486	14
44864	3
4487	24
4488	33
44889	4
4489	164
449	73
4490	1
4491	2
4492	4
44929	6
4493	3
44937	2
4494	3
44949	1
4495	33
4496	4
4497	1
44972	15
44974	43
4498	21
4499	240
45	555
450	197
4500	33
4501	13
4502	9
45028	14
4503	2
4504	1
4505	4
4506	26
45062	3
45074	2
4508	41
45081	22
4509	29
451	15
4510	1
45106	3
4511	2
4512	2
4513	1
4515	34
4516	1
4517	19
45175	5
4518	16
45183	8
45186	40
4519	54
452	97
4520	6
45208	3
4521	1
45210	93
4522	5
45221	3
4523	30
4524	9
4525	3
4526	5
4528	1
4529	60
453	22
4531	6
4532	12
4533	47
45335	1
4534	7
4535	92
4536	3
45361	2
4537	34
4538	5
45382	2
454	1550
4540	3
4541	20
4543	8
45431	37
4544	16
45440	3
45442	3
45447	39
4545	77
4546	123
4547	2
4549	1
45499	128
455	131
45501	8
45503	3
45517	101
4552	31
45525	2
4553	45
4554	1
4555	54
4556	1
4557	26
4558	21
4559	2
456	96
4561	7
4562	19
4563	18
45635	3
4564	50
4565	6
45658	1
4566	4
45662	4
45666	10
45668	17
4567	3
45672	20
4568	8
4569	3
457	7608
4570	13
4571	300
4572	15
45720	35
45722	215
45726	4
45728	101
4573	3
45730	21
45732	1
4574	6
4575	1
4577	25
4578	10
4579	3
458	39
4580	8
4581	6
4583	1
4584	4
4585	12
45852	2
4586	4
4587	23
4588	3
45880	16
4589	19
459	14
4590	3
4591	23
4592	1
45928	31
4593	2
4595	9
45950	144
4596	1
4597	8
4598	1
4599	4
46	205
460	14
4600	4
4601	6
4602	15
4603	3
4605	37
4606	1
46062	1
4607	2
4608	6
4609	5
461	78
4610	5
4612	66
4613	3
4614	4
4615	13
4616	76
4617	16
4618	3
4619	7
46194	1
462	6
4620	1
4621	22
4622	2
4623	137
46231	1
4624	54
4625	5
4626	22
4627	9
4628	21
4629	2
463	7
4630	3
4632	4
46322	33
4633	18
46335	13
46337	2
4634	11
46347	8
4636	1
4637	1
4638	64
4639	67
464	83
4640	29
4641	456
4642	304
4643	80
46430	1
4644	43
4645	12
4646	20
4647	1
4648	1
4649	47
465	41
46530	53
4654	13
4655	15
46559	13
4656	1
46572	2
46578	561
4658	28
4659	11
466	344
4660	4
4661	40
4662	17
4663	2
4664	41
4665	5
46653	4
4666	1
4667	1
4668	7
4669	2
467	122
4670	14
4671	5
4672	25
46723	138
4673	13
4674	3
4675	6
4676	6
4677	23
46772	1
4678	120
4679	77
468	338
4680	9
46803	7
4681	58
4682	7
4683	11
46839	1
4685	2
46850	26
46855	13
4686	5
46865	4
4687	11
4688	43
469	93
4690	15
46901	1
4691	4
46919	1
4692	4
4693	1
4694	2
46948	16
4695	8
46959	1
4696	17
46965	24
46967	10
4697	6
46970	29
46972	19
46974	7
46976	185
4698	3
4699	17
47	6616
470	10
4700	72
4701	200
4702	3
4703	109
4704	19
47044	11
4705	89
4706	7
4707	2
4708	32
4709	33
47099	77
471	1131
4710	60
4711	16
47117	2
4712	10
47122	9
47124	4
4713	75
4714	7
47148	1
4715	5
4716	3
4717	3
4718	274
4719	11
472	14
4720	498
47200	33
47202	4
4721	15
4722	10
4723	62
4724	1
4725	34
47254	2
47264	2
4727	17
47274	5
4728	99
4729	4
473	22
47306	3
4731	15
4732	17
4733	30
4734	305
4735	11
4736	13
4737	12
4738	12
47382	4
474	1563
4741	76
47423	30
4743	31
4744	21
4745	25
47465	6
4748	5
4749	2
47493	1
475	1154
4750	3
4751	1
47516	1
47518	18
4752	1
4753	3
4754	107
4755	3
4756	11
4757	28
4758	7
4759	4
476	6
4761	6
47610	138
47615	1
47629	58
4763	3
4764	2
47640	19
47642	1
47644	14
47646	1
4765	37
4766	7
4767	10
4768	12
4769	20
477	351
4770	11
4771	14
4772	12
47721	10
47723	3
47725	7
47728	1
4773	6
4774	21
4775	3
4776	307
4777	7
47778	2
4778	4
4779	6
47793	1
4780	4
47805	1
4781	2
47810	1
4782	11
4783	65
47830	1
4784	58
4785	3
4786	20
4787	55
4788	21
4789	22
47894	14
479	19
4790	2
4791	5
4792	3
4793	5
47937	2
4794	12
47940	1
4795	48
47950	5
47952	3
4796	5
47970	9
47978	1
4798	31
4799	121
47997	23
47999	32
48	417
480	5943
4800	9
4801	27
4802	46
4803	45
48032	3
4804	12
48043	106
4805	6
4806	29
48061	6
4807	1
4808	15
48082	76
4809	64
481	255
4810	3
4811	19
4812	10
4813	19
4814	40
48142	5
4815	31
4816	238
48161	9
4818	2
4819	7
482	225
4821	34
4822	5
4823	118
4824	12
4825	1
4826	28
48262	8
4827	1
4828	3
4829	1
483	65
4830	17
48301	1
48304	64
4831	1
48319	3
4832	1
48322	37
48326	5
4833	34
4834	8
4835	65
4836	7
4837	2
4838	2
48385	319
4839	1
48394	615
484	38
4840	12
4841	2
48412	16
48414	4
48416	3
4842	19
4844	80
4845	9
4846	119
4847	7
4848	936
4849	19
485	217
4850	7
4851	1
48516	760
48518	9
4852	2
48520	2
48522	1
4853	1
4854	1
4855	322
4856	7
48560	4
4857	340
4858	4
48591	5
48593	2
48596	3
48598	4
486	8
4861	1
4862	8
4863	23
4864	5
4865	95
4866	40
4867	30
48678	7
4868	5
4869	2
48696	40
48698	14
487	9
4870	2
4871	14
48711	1
4872	8
4873	328
48738	103
4874	205
48741	2
48744	34
4875	1
4876	24
4877	5
48774	391
4878	1770
48780	380
48783	22
4879	2
48791	1
488	41
4880	173
4881	246
4883	2
4884	9
4885	7
48856	6
4886	1701
4887	32
48872	1
48877	26
48879	4
4888	31
48883	4
4889	51
489	47
4890	56
4892	3
4893	14
4894	2
48943	1
4895	4
4896	963
4897	1
4898	15
48982	15
4899	5
48997	43
49	32
490	159
4900	11
4901	222
4902	67
4903	262
4907	1
4908	2
4909	6
491	358
4911	10
49110	1
4912	77
4913	1
49130	6
49132	10
4914	190
4915	18
4916	32
4917	3
4918	7
4919	13
492	230
4920	64
49200	1
4921	52
4922	2
49220	2
4923	3
4924	3
4925	2
4926	3
49265	4
4927	23
49272	405
49274	16
49276	1
49278	44
4928	66
49280	9
49284	4
49286	37
4929	11
493	337
4930	8
4931	2
49312	2
4932	32
4933	1
4934	1
49347	1
4935	4
49355	3
4936	48
4937	1
4939	24
49396	10
494	790
4941	54
4942	2
4945	20
4947	11
4949	3
495	66
4950	2
4951	33
4952	1
49524	3
49526	1
49528	1
4953	1
49530	162
4954	76
4956	99
4957	13
4958	50
4959	3
496	45
4960	5
4961	10
4962	2
4963	1123
4964	11
49642	1
49647	3
49649	3
4965	15
49651	14
4966	34
49666	4
4967	141
4968	1
49688	1
4969	77
497	2340
4970	185
4971	14
4972	5
4973	3398
4974	46
4975	381
4976	41
4977	9
49772	25
4978	130
4979	1118
49793	9
498	12
4980	64
4981	19
4982	6
49822	24
49824	10
4983	3
4984	1
4985	1
4987	2
4988	1
4989	14
499	7
4990	17
4991	6
49910	22
4992	58
4993	5725
49932	32
4994	49
4995	1591
49957	9
4996	16
49961	35
4997	2
4998	19
4999	17
5	528
50	11228
500	2209
5000	7
50003	2
50005	7
5001	9
50011	5
5002	20
5003	9
5004	49
5005	11
5006	3
50064	6
50066	11
50068	79
5007	27
5008	168
5009	30
501	325
5010	602
5011	5
5012	15
5013	451
5014	170
50147	1
5015	287
50153	1
50158	4
5016	49
50160	8
50162	1
5017	56
5018	3
50189	10
502	35
5021	63
5022	23
50229	1
5023	10
5024	3
5025	46
50259	1
5026	146
5027	6
50274	7
5028	7
5029	1
503	8
5031	1
5033	15
5034	108
50347	1
5035	10
5036	6
5037	4
5038	17
5039	31
504	32
5040	36
5041	8
5042	3
50442	6
50445	3
50447	1
5046	7
5047	32
5048	5
5049	102
505	19
5051	62
50514	9
5053	1
5054	27
5055	59
5056	40
5057	3
5058	1
5059	20
506	141
5060	2055
50601	25
5061	2
5062	39
5063	9
5064	330
5065	46
50658	12
5066	87
5068	5
50685	17
5069	19
507	185
5071	7
5072	90
5073	23
5074	42
5075	15
5076	3
5077	6
5078	1
5079	4
50792	1
50794	14
50796	2
50798	4
508	2323
5080	13
50800	1
50802	2
50804	7
50806	1
5081	11
5082	4
5083	5
50842	3
5085	5
50851	20
50858	2
5086	1
5087	9
50872	270
5088	4
5089	1
509	2429
5090	5
5091	1
50912	23
5092	7
50923	2
5093	8
5094	5
5095	23
5096	9
5097	4
5098	4
5099	20
51	2
510	19
5100	1
51007	2
5101	26
5102	9
5103	192
51037	5
5104	3
5105	78
5106	5
5107	18
51077	6
5108	63
51080	19
51084	19
51086	11
51088	1
5109	5
51091	17
51094	3
511	90
5110	148
5111	6
5112	19
5113	1
5114	17
5116	3
5117	3
5118	13
5119	14
512	37
5120	135
51209	1
5121	22
5122	21
5123	3
5124	3
5125	17
51255	250
5127	10
51277	4
5128	20
5129	1
513	16
5131	8
5134	6
5135	254
5137	31
51372	1
5139	40
514	321
5140	2
51412	9
51418	1
5142	13
5143	6
5144	1
5145	16
5146	89
5147	219
51471	20
5148	1
515	1721
5151	26
5152	210
5153	1
51540	65
5155	3
5157	3
51575	5
5158	6
5159	22
516	104
5161	1
5163	5
51638	1
5164	2
5165	12
5166	1
51660	5
51662	408
5167	6
51678	3
5168	7
5169	12
51694	3
51698	6
517	99
5170	1
51705	4
51709	7
5171	36
5172	5
5173	1
5174	4
5175	1
5177	69
5178	2
5179	7
518	24
5180	7
5181	2
51834	4
5184	7
5186	2
5187	21
51884	15
5189	1
519	32
5190	2
51903	1
51911	2
5192	2
51925	3
51927	2
5193	4
51931	23
51933	3
51935	40
51937	4
51939	3
5194	3
5196	4
5197	3
5198	23
5199	10
51991	2
52	773
520	438
52005	1
5202	9
5203	1
5204	3
52042	21
5205	7
5206	1
5208	7
5209	4
521	136
5214	21
5215	2
5216	3
5218	481
5219	99
522	72
5220	10
5221	9
5222	66
5223	7
5224	20
52241	7
52245	17
5225	434
5226	7
5227	1
52279	1
5228	2
52281	134
52283	2
52287	11
523	105
5230	3
5231	6
5232	7
52321	1
52328	34
5233	6
5234	2
5235	4
5236	12
5237	21
52375	3
5238	24
5239	7
524	591
5240	4
5241	10
52413	2
5243	6
52435	36
5244	25
5245	5
52456	1
52458	16
5246	4
52460	1
52462	7
5247	37
5248	2
5249	2
525	14
5250	17
5251	1
5254	118
5255	11
5256	3
52579	15
5258	30
526	12
52604	24
52606	1
5262	2
5263	3
5264	7
52644	1
5265	78
5266	95
52668	1
5267	93
5268	4
5269	45
52694	7
527	12813
52712	1
52717	4
5272	14
52722	36
52724	1
5274	2
5276	1
52767	12
5279	25
528	16
5280	1
5282	20
5283	68
52838	1
5284	11
5287	12
5288	47
52885	24
5289	13
529	1319
5290	3
5291	552
5292	154
5293	49
5294	123
52950	8
52952	23
5296	26
52967	12
5297	11
52973	119
52975	35
5298	23
5299	568
53	28
5300	10
53000	51
53002	1
53004	1
5301	2
5303	39
53038	4
5304	55
5305	9
5307	1
5308	29
5309	9
531	603
5310	5
5311	11
5312	18
53121	14
53123	97
53125	86
53127	4
53129	27
5313	13
53133	1
5314	6
5315	1
5316	29
53161	2
5317	1
5318	2
53189	6
5319	75
532	291
53207	4
5321	1
5323	10
5324	9
5325	70
5327	3
5328	2
5329	49
533	104
5331	3
53318	15
5332	2
53322	49
5333	23
5334	4
53349	2
5335	6
53355	1
5336	1
5337	8
5339	75
534	816
5340	4
5341	49
53435	5
53447	4
5346	2
53460	11
53464	5
53466	1
53468	8
5347	1
5348	7
5349	1026
535	772
5350	1
5351	4
53519	56
5352	15
5353	7
5354	3
53550	19
5356	1
5357	11
53578	1
5358	15
5359	19
536	34
5360	3
5361	12
5362	2
5363	11
5364	64
5365	4
5367	56
5368	16
5369	1
537	142
5372	12
5373	23
53737	2
5375	3
5376	1
53769	3
5377	490
5378	566
5379	37
538	586
5380	102
5381	8
5382	4
5383	13
53835	2
5384	4
5385	103
5386	2
5387	7
5388	149
53887	3
5389	20
53894	90
539	2525
5390	15
5391	68
5392	4
53921	2
5393	1
5394	1
5395	5
53953	11
53956	25
5396	1
5397	5
53972	79
5398	32
5399	1
53993	4
53996	128
53999	1
54	44
540	93
5400	86
54001	126
54004	10
5401	26
5404	47
5406	2
5407	1
5408	1
5409	5
54094	1
541	5882
5410	31
5411	1
5412	2
5414	11
5415	50
5416	6
5417	92
5418	822
5419	22
54190	43
54193	2
54196	1
542	143
5420	18
5421	55
5422	7
5423	7
5424	1
5425	4
54256	8
54259	120
5426	3
5427	4
54272	103
54274	1
54276	1
54278	1
5428	4
54281	10
54286	356
5429	2
54290	1
543	639
5430	1
5431	5
5433	2
54331	4
5434	31
5435	9
5436	11
5437	8
54372	4
5438	9
5439	3
544	52
5440	26
5442	3
5443	1
5444	220
5445	920
5446	153
5447	24
5448	1
5449	42
545	2
5450	33
54503	213
5451	21
54513	3
5452	8
5453	8
5454	5
5455	1
5457	1
5458	3
5459	90
546	41
5460	21
5461	7
54612	2
5462	4
54621	1
5463	29
5464	327
54648	4
5465	5
5466	6
5467	3
5468	6
5469	2
54691	1
547	13
5470	63
5472	24
5473	4
54732	3
54734	1
54736	21
5474	1
54745	11
5475	62
5476	5
54768	1
5477	59
54771	1
54775	1
5478	11
54780	1
54785	10
54787	4
5479	29
54796	1
548	59
5480	12
5481	204
5482	2
5483	36
5484	8
5485	14
5486	3
54881	42
5489	47
549	265
5490	2
5491	2
5493	10
5494	1
5495	2
5496	8
54962	8
5497	12
5498	51
5499	10
54995	65
54997	95
54999	21
55	56
550	156
5500	119
5501	2
5502	380
5503	3
5504	13
5505	70
55052	60
5506	13
55063	5
55069	21
5507	78
55071	9
5508	62
55080	7
5509	4
55094	12
551	2129
55110	1
55116	2
55118	65
5512	1
5513	5
5515	23
55156	2
5516	18
5517	1
55176	5
5518	3
5519	1
552	468
55205	1
5521	2
5522	24
5523	3
55232	12
5524	27
55245	6
55247	156
5525	49
55250	3
55253	12
55259	2
5526	3
55261	1
55267	19
55269	59
5527	21
55272	3
55274	6
55276	58
55278	1
5528	87
55280	44
55282	7
55284	10
55286	3
55288	2
5529	1
55290	42
55292	1
553	1758
5530	14
5531	2
5532	1
5535	1
5536	1
55363	32
5537	1
5538	4
5539	3
554	11
5540	45
55402	1
5541	44
55419	2
5542	1
5544	28
55442	53
55444	30
55451	3
5548	17
55498	1
555	1813
5550	2
5551	1
5552	1
5553	9
5555	3
55553	2
55555	7
5556	2
55566	1
55577	18
5559	1
556	177
5560	16
5561	3
5562	1
5563	5
5564	2
5566	1
5567	1
5568	23
55687	5
5569	13
5570	28
5572	47
55721	5
55729	2
5573	3
55732	9
5574	47
5575	3
55765	110
55768	9
5577	112
5579	1
558	36
5580	2
55805	12
5581	3
55814	56
5582	4
55820	429
55830	17
5584	9
5585	5
5587	3
55872	20
5588	7
5589	6
55895	1
559	4
5590	2
55908	61
5591	1
55926	3
5593	2
55946	4
55955	2
5596	3
5597	3
5598	4
5599	1
55995	8
55999	8
56	1
5600	5
56001	3
5601	16
5602	74
5603	65
56030	1
5604	30
5605	14
56060	1
5607	25
5608	88
5609	4
561	18
5610	6
5611	14
5612	6
5613	30
5614	4
56141	1
56145	18
5615	5
56152	33
56156	7
56158	1
56167	1
56169	2
5617	247
56171	19
56174	73
56176	5
5618	1417
5619	12
562	813
5620	82
5621	6
5622	1
5624	1
5625	21
56251	26
5626	2
5627	2
56274	1
5628	15
56286	14
5629	16
563	24
5630	184
5632	39
5633	25
56333	5
56339	24
5635	12
5636	2
56367	424
5637	23
5638	12
56389	2
5639	3
564	1
5640	16
5641	3
5642	21
5643	29
5644	34
5646	26
5647	6
5648	6
5649	61
565	21
5650	102
56508	1
5651	6
5652	1
5653	7
5655	2
5656	2
56563	5
56587	28
5659	3
5660	9
56607	19
5662	1
5663	3
5664	5
5665	1
5666	48
5667	16
5668	35
5669	1010
567	12
5670	25
56715	13
56719	1
5672	3
5673	303
5674	1
5675	2
56757	85
5677	3
56775	17
5678	13
56782	220
56788	33
5679	346
568	30
5680	14
56801	3
56805	8
5681	5
5682	14
5684	14
5685	19
5686	19
5687	5
5688	7
56885	20
5689	1
569	28
5690	321
56908	3
5691	4
56915	1
5692	4
56921	6
5693	85
5694	1
56941	16
56949	8
5696	13
5697	1
5699	3
57	154
570	20
5705	9
5706	1
5707	13
571	21
5711	1
5712	29
5714	1
57147	1
572	1
5721	18
5722	5
5723	8
57243	9
5725	3
5726	2
57274	11
5729	1
573	21
5730	4
5731	2
5732	17
5734	3
5735	5
57353	1
5736	1
57368	74
5737	1
57370	1
5738	1
574	79
5740	1
57401	1
5741	1
5743	4
5744	2
5745	8
57464	5
5747	154
57484	1
5749	5
575	95
57504	8
5751	1
5752	48
57522	1
57526	3
57528	23
57532	2
57534	1
5756	1
5759	1
5762	1
5763	3
5764	4
57640	18
5765	23
57669	56
5767	10
5768	2
5769	13
57690	1
577	19
5770	1
5771	1
5772	84
5773	3
5775	1
5777	7
5778	1
5779	3
57792	2
5780	21
5781	1
5782	384
5783	8
5784	7
57845	2
57848	1
5785	96
5786	1
5787	4
5788	17
5789	1
579	1
5790	1
5791	169
57910	3
5792	33
5793	1
5794	2
5795	4
57951	3
5796	7
5797	13
5798	4
5799	27
58	2311
580	20
5800	6
5801	30
5802	10
58025	7
5803	8
5804	9
58047	7
5806	1
58078	2
5808	1
58084	1
5809	29
581	359
5810	93
58103	8
58105	7
58107	2
5812	180
5815	2
58154	7
58156	4
5816	630
58162	7
5817	12
5818	8
5819	1
58191	9
582	15
5820	43
5821	2
5823	1
5824	2
5825	39
5826	14
5828	2
5829	6
58293	4
58295	21
58297	4
58299	8
583	29
5830	9
58301	3
58303	21
58306	8
58309	2
58315	2
5832	5
5833	15
58332	1
58334	3
5834	1
58347	7
58351	7
5836	4
58376	1
5838	3
5839	44
584	1
5840	41
5841	4
58418	1
5842	1
5843	8
5846	3
5847	29
5848	1
5849	1
58490	7
585	200
5850	1
5852	2
5853	20
5855	1
58559	843
5856	2
5858	2
5859	3
586	896
5860	1
5862	4
58622	1
58627	4
5864	1
58652	2
58655	2
5867	15
5868	2
5869	2
587	2458
58706	4
5872	86
5873	24
5874	11
5875	11
5876	99
5878	304
58783	1
5879	6
588	4047
5880	1
58803	14
58806	1
5881	63
5882	23
5883	3
58839	1
5884	2
5885	2
58876	2
58879	4
5888	6
5889	1
58898	2
589	7674
5890	62
5891	4
5893	71
5896	8
58972	2
5898	5
5899	88
58998	45
59	28
590	5632
5900	14
5901	2
59014	1
59016	5
59018	11
5902	696
59022	7
59026	3
5903	256
59037	6
5907	2
5908	3
5909	22
591	1
5910	1
59103	4
59107	1
5911	8
59118	3
5912	2
59126	11
5914	19
59141	9
59143	2
5915	7
5916	8
5917	1
5918	1
5919	1
592	2021
5922	1
5923	6
5924	1
5925	1
59258	2
5927	6
5929	2
59295	1
593	13054
5930	3
5931	2
59315	279
5932	25
5933	8
59333	1
59336	4
5935	1
5936	10
59369	1
5937	19
5938	23
59382	1
59387	24
5939	2
59392	4
594	1865
5940	17
59404	1
5941	23
59418	1
5942	10
59421	3
5943	21
5944	65
59440	3
5945	190
5947	5
5949	17
595	4185
59501	16
5951	11
59519	3
5952	4510
5953	2
5954	223
5955	54
5956	187
5957	42
5958	3
5959	31
59590	8
59594	2
596	1102
5960	5
59607	2
5961	2
59615	18
5962	1
5963	7
5965	25
5966	1
5968	6
59684	1
5969	6
597	2435
5970	40
5971	436
5972	1
59725	15
59727	2
59731	6
5974	20
5975	7
5976	1
5977	7
5978	1
59784	47
5979	1
598	9
5980	10
5981	11
59810	3
5983	7
5984	2
5985	5
5986	11
5987	1
5988	1
5989	622
599	550
5990	6
59900	8
59908	1
5991	571
5992	303
5993	5
5994	22
5995	813
5996	3
5997	2
59985	2
5999	4
59995	3
6	2964
60	263
600	14
6000	1
6001	128
6002	10
6003	95
60037	4
60040	18
6005	32
6006	16
60069	315
60072	19
60074	17
6008	15
6009	1
601	20
6012	6
60126	11
6013	1
60133	1
60137	1
6014	3
6015	1
6016	1226
60161	14
6017	2
602	77
6020	3
6021	15
6022	9
6023	40
6024	1
6025	7
6026	2
6027	25
60289	3
6029	1
60291	9
60293	5
60295	2
603	20
6030	1
60309	1
6031	27
6032	14
60333	4
6035	5
6036	2
6037	1
60389	1
60397	23
6040	5
6041	7
60411	1
6042	4
6043	1
6044	1
6045	5
6047	3
60487	20
6049	2
605	195
60503	1
6051	15
60514	4
60522	1
6054	2
6055	1
6056	3
6058	17
6059	46
606	46
6060	6
6061	1
6062	34
6063	17
6064	6
6065	4
6066	2
6067	4
60674	4
6068	2
6071	2
6072	3
6075	4
60753	8
60756	10
60758	1
6076	1
60763	1
60766	6
6077	4
6078	2
608	9107
6082	10
60832	3
6087	1
609	132
6090	1
6092	2
6093	62
60937	2
6094	8
60943	1
60946	1
60950	13
6098	2
60983	1
60990	1
61	205
610	700
6100	4
6101	20
6102	5
61024	21
6104	211
6105	7
6107	11
61071	1
61075	2
6108	1
6109	2
611	58
6111	1
61123	2
6113	1
61132	21
6114	1
6115	3
6116	5
61160	4
61167	2
6118	4
6119	9
612	58
6120	1
6121	2
6122	50
6123	24
61236	1
6124	5
61240	17
61248	3
6125	21
61250	1
61255	1
6126	8
6127	9
613	263
6132	1
61323	26
6133	1
6134	3
61352	4
61361	1
6137	1
6139	2
61394	1
614	19
6140	6
6141	1
6143	9
6144	12
6146	1
61465	1
6147	3
61475	1
6148	3
615	125
6151	3
6152	1
6153	2
6154	3
6155	81
6156	38
6157	27
6159	25
616	446
6160	6
6161	1
6162	12
6163	19
6166	6
6168	1
6169	4
61697	1
617	58
6170	66
61724	1
61729	2
6173	5
61742	1
6176	1
6177	1
6178	19
6179	1
618	27
6180	3
6181	6
61818	1
6182	6
6183	58
6184	75
6185	4
6186	7
6187	86
6188	305
619	38
6190	4
6191	1
6192	3
6193	8
61931	1
6195	15
6196	3
61967	1
6197	25
6198	2
61986	1
62	2878
620	4
6200	4
6201	8
6202	7
6203	1
62049	5
6206	3
62081	5
621	33
6211	5
62113	1
6212	18
6213	18
62137	1
6214	56
6215	14
62155	4
6216	61
6217	3
6218	284
6219	5
6220	3
6222	4
6223	13
6225	1
62250	1
6226	4
6227	2
6228	12
6229	8
62293	3
623	2
6230	20
6231	2
6232	18
6233	6
62336	14
6234	9
62344	5
6235	90
6236	2
6237	11
62374	5
62376	1
6238	19
6239	20
62394	3
624	2
6240	1
6241	7
6242	111
6243	3
62434	13
6244	28
6245	4
6247	12
6248	1
6249	2
625	1
6250	17
6251	1
62511	2
6252	3
6254	49
6255	2
62553	1
6256	2
6257	4
6258	5
6259	5
626	45
6260	7
6261	3
6262	1
6263	14
6264	10
6265	3
6266	17
62662	1
6268	23
6269	25
627	175
6270	55
6271	47
62718	1
6272	1
6273	40
62733	1
6276	1
6279	10
62792	1
628	1080
6280	4
62801	2
62803	2
6281	87
6283	147
6284	1
62849	4
6285	1
6286	85
6287	28
6288	17
6289	2
629	3
6290	22
6291	61
62912	1
6294	12
62956	9
6296	144
6297	66
6298	4
6299	108
62999	3
63	168
630	27
6300	8
6301	60
6303	70
63033	1
6305	65
6306	19
63062	4
6307	1
6308	2
63082	21
6309	1
631	98
6311	5
63113	17
6312	3
63131	11
6314	4
6315	2
6316	4
6318	2
6319	7
632	75
6320	2
6321	2
6322	18
63222	1
6323	141
63237	1
6325	1
6327	17
6329	2
633	43
6331	235
63310	1
6332	5
63329	1
6333	586
6334	1
6335	14
6337	11
6338	8
6339	25
634	17
6341	14
6342	1
6343	1
63433	3
6344	8
6345	10
6346	2
6347	2
63479	1
6348	4
6349	3
635	125
6350	193
6351	3
6356	12
6357	26
6358	13
636	2
63647	1
6365	481
6366	2
6367	28
6368	14
637	179
6370	49
6371	3
6373	94
6374	7
6375	29
6376	5
6377	1498
63772	1
6378	249
6379	3
638	42
6380	131
63808	2
6382	7
6383	15
6384	1
6385	294
63853	1
6387	1
63876	15
639	71
6392	3
6394	11
6395	3
6398	3
63992	5
64	77
640	109
6400	14
6401	7
6403	4
6404	2
6405	13
6407	4
6408	3
6409	2
641	2
6410	2
6412	22
6413	4
6414	1
6415	2
6416	10
6419	9
64197	1
6422	20
6424	7
64249	1
6425	21
6426	4
6427	3
64275	1
64278	1
6428	7
64280	1
64285	3
6429	14
6430	12
6431	1
6432	1
6433	44
6435	1
6436	21
6437	1
6439	1
6440	180
64408	1
6441	10
6442	21
6443	1
6445	1
6446	2
6447	1
6448	31
6449	2
64497	1
645	38
6450	9
6451	2
6452	16
6453	8
6454	8
6455	2
6457	10
6458	2
6459	5
6460	64
6461	98
64614	5
6462	1
64620	4
6463	1
6464	3
6466	4
6467	3
6468	1
6469	4
647	581
6470	3
64716	3
6472	1
6473	2
6476	2
6477	7
6478	8
6479	1
648	1778
6480	10
6481	6
6482	15
6483	2
64839	3
6484	2
6486	1
6487	2
6488	1
649	14
6492	1
6493	5
64957	3
64969	1
6497	1
6498	2
64983	1
64986	1
6499	3
65	141
650	130
6500	1
65001	1
6502	385
6503	29
6505	1
6506	8
6508	3
6509	17
651	4
6510	1
6511	6
65133	2
6515	2
6516	5
6517	2
6519	1
652	4
6522	5
6523	1
6524	6
6525	2
6526	8
6527	6
6528	4
653	789
6530	30
6531	2
6533	31
6534	38
6535	13
6536	8
6537	101
6538	28
6539	1561
654	2
6540	1
6541	26
6542	27
6544	2
6545	10
6546	2
6547	6
6548	54
6549	2
655	1
6550	13
6552	94
6554	1
6556	1
6558	4
6559	4
656	66
6561	20
6562	4
6564	16
6565	193
6566	5
6567	19
6568	11
657	1
6571	12
6573	1
6575	2
6576	1
6578	1
6579	29
658	7
6581	8
6582	11
6583	2
6584	9
6585	2
6586	47
6587	1
6588	1
659	52
6591	49
6592	4
6593	30
6595	26
6596	1
6597	3
6598	15
6599	3
66	45
660	17
6600	1
6601	1
6602	6
6604	1
6609	12
661	556
6610	2
6611	38
6612	20
6613	2
6614	5
6615	12
6616	3
6617	43
6618	132
6619	8
662	190
6620	211
6624	4
6628	1
6629	5
663	285
6630	9
6636	33
6637	3
6638	11
6639	77
664	35
6641	3
6643	78
6644	5
6645	22
6646	2
6647	2
6648	1
6649	3
665	199
6650	84
6652	3
6653	2
6654	1
6655	1
6656	1
6657	1
6658	4
6659	74
666	14
6660	40
6662	134
6663	53
6664	31
6665	2
6666	77
6667	17
6668	26
6669	170
667	43
6670	2
6671	13
6672	10
6673	1
6674	1
6676	4
6677	1
6678	6
6679	6
668	194
6680	3
6681	2
6682	3
6683	6
6684	6
6687	1
6688	2
6690	2
6691	1
6692	4
6695	9
6696	3
6699	1
67	23
670	211
6700	1
6702	5
6703	3
6704	2
6705	10
6707	6
6708	102
6709	50
671	792
6710	10
6711	1183
6713	24
6714	1
6718	3
672	2
6720	2
6721	45
6722	13
6723	5
6724	59
6725	6
6727	10
6729	1
673	279
6730	1
6731	34
6732	12
6733	1
6735	3
6737	1
674	141
6741	1
6743	42
6744	1
6746	1
6748	6
6749	5
6750	8
6752	1
6753	116
6754	87
6755	73
6756	4
676	1
6760	5
6761	6
6762	3
6763	6
6764	24
6765	31
6768	13
6769	4
6770	36
6771	1
6772	42
6773	216
6774	86
6775	6
6776	40
6777	61
6778	1
6779	11
678	478
6780	36
6782	7
6783	106
6784	8
6785	49
6786	48
6787	318
6789	8
679	11
6790	20
6791	122
6792	2
6793	5
6796	155
6797	7
6798	4
68	107
680	121
6800	3
6801	1
6802	1
6803	8
6804	2
6805	3
6806	4
6807	463
6808	64
6809	1
681	41
6810	10
6811	14
6812	3
6813	7
6815	4
6816	5
6817	5
6818	29
682	3
6820	23
6822	1
6823	1
6825	1
6826	2
6827	1
6828	3
683	3
6832	20
6835	1
6837	5
6839	1
6840	6
6843	1
6844	1
6848	1
6849	8
685	77
6850	5
6851	5
6852	73
6854	2
6856	33
6857	105
6858	26
6859	10
6861	1
6862	12
6863	224
6864	10
6866	1
6867	188
6868	4
6869	21
687	5
6870	360
6871	3
6872	2
6873	33
6874	1637
6875	2
6877	1
6879	72
688	57
6880	27
6881	33
6882	4
6883	1
6884	6
6885	4
6886	4
6887	37
6888	26
6889	16
6890	81
6892	3
6893	86
6895	3
6896	36
6897	1
6898	6
6899	1
69	409
690	6
6900	1
6902	33
6906	1
6907	1
6908	1
6909	6
691	68
6910	8
6912	1
6913	1
6914	2
6916	1
6918	74
692	44
6920	22
6921	6
6923	3
6924	2
6925	2
6926	1
6927	8
6928	1
693	1
6930	2
6931	1
6932	32
6934	273
6935	24
6936	92
6937	1
6939	6
694	129
6940	1
6942	499
6944	65
6945	12
6946	2
6947	235
6948	7
695	41
6950	7
6951	7
6952	11
6953	217
6954	90
6957	109
6958	1
6959	5
696	6
6961	7
6962	1
6963	22
6964	3
6965	2
6966	14
6967	9
6969	1
697	37
6970	41
6971	18
6974	17
6975	22
6977	3
6978	26
6979	142
698	2
6980	5
6981	14
6982	11
6983	10
6984	11
6985	94
6986	50
6987	118
6988	4
6989	8
699	1
6990	4
6991	7
6992	3
6993	152
6994	1
6995	2
6996	4
6997	2
6998	6
6999	4
7	944
70	705
700	72
7000	19
7001	50
7002	4
7003	8
7004	16
7005	1
7007	20
7008	37
7009	13
701	13
7010	7
7011	7
7012	5
7013	131
7015	2
7016	3
7017	3
7018	23
7019	3
702	54
7020	17
7021	1
7022	226
7023	55
7024	9
7025	17
7026	2
7027	63
7028	13
7029	4
703	34
7030	7
7032	3
7033	9
7034	96
7035	4
7036	2
7037	13
7038	4
7039	4
704	82
7040	15
7042	25
7043	21
7044	70
7045	20
7046	20
7047	2
7048	5
7049	1
705	33
7050	2
7051	1
7054	11
7055	25
7056	15
7057	3
7058	15
7059	8
706	28
7060	46
7061	20
7062	16
7063	106
7064	92
7065	17
7066	2
7067	24
7068	21
7069	19
707	112
7070	39
7071	21
7072	49
7073	72
7074	15
7075	55
7076	57
7077	1
7078	5
7079	24
708	1014
7080	13
7082	11
7083	1
7084	46
7085	8
7086	20
7087	18
7088	51
7089	63
709	122
7090	538
7091	70
7092	7
7094	1
7095	3
7096	33
7097	3
7099	181
71	17
710	64
7101	7
7102	4
7103	1
7104	6
7106	1
7107	14
7108	1
7109	2
711	83
7111	7
7112	1
7113	3
7114	6
7115	20
7116	87
7117	2
7118	19
7119	4
712	32
7121	58
7122	25
7123	48
7124	17
7125	6
7126	8
7128	1
7129	1
713	25
7130	1
7132	167
7134	3
7135	38
7136	7
7137	17
7138	1
7139	205
714	528
7140	1
7141	5
7142	3
7143	406
7147	597
7148	1
7149	77
715	71
7150	6
7151	54
7153	4041
7154	27
7155	39
7156	213
7157	3
7158	117
716	34
7160	131
7161	21
7162	111
7163	26
7164	45
7165	4
7167	4
7168	1
7169	9
717	4
7171	5
7172	1
7173	12
7175	3
7176	1
7177	13
7178	7
7179	5
718	85
7180	1
7181	2
7182	2
7183	1
7184	1
7186	1
719	240
7190	9
7192	1
7193	5
7194	3
7195	1
7196	1
7198	1
7199	11
72	130
720	1894
7201	2
7202	2
7205	9
7206	38
7208	8
7209	43
7210	26
7211	6
7212	7
7214	1
7215	85
7216	23
7217	13
7218	30
7219	1
722	36
7221	2
7222	10
7223	17
7224	1
7225	10
7226	1
7227	8
7228	3
723	2
7230	1
7232	2
7234	94
7235	44
7236	11
7238	16
724	351
7241	14
7243	16
7244	1
7247	46
7248	2
7249	1
725	50
7250	6
7252	1
7253	1
7254	322
7255	2
7256	146
7257	3
7258	4
7259	3
726	37
7260	14
7261	2
7263	90
7265	44
7266	5
727	4
7270	2
7272	3
7275	1
7278	1
728	551
7283	1
7285	49
7286	6
7288	1
729	14
7290	1
7293	110
7294	2
7295	1
7297	10
7299	13
73	461
730	11
7300	7
7301	20
7302	7
7303	38
7304	8
7305	4
7306	8
7307	7
7308	2
7309	2
731	43
7311	34
7312	4
7313	1
7315	1
7316	3
7317	45
7318	215
7319	4
732	21
7320	10
7321	3
7323	145
7324	27
7325	23
7327	120
7328	1
733	3306
7330	1
7331	2
7333	8
7334	11
7335	14
7336	1
7338	14
734	3
7340	1
7341	2
7343	1
7344	1
7346	45
7347	31
7348	15
7349	3
735	131
7350	1
7352	10
7354	1
7355	3
7356	1
7357	1
7358	1
736	1908
7360	125
7361	2154
7362	1
7364	8
7365	12
7366	11
7367	18
7368	2
7369	3
737	120
7370	1
7371	222
7372	1
7373	57
7375	6
7376	10
7377	16
7379	4
738	2
7380	14
7381	5
7382	11
7384	2
7385	1
7386	90
7387	198
7388	5
7394	6
7395	14
7396	47
7398	2
7399	1
74	303
7405	3
7406	4
7409	1
741	849
7410	4
7414	1
7415	2
7416	5
7417	1
7418	2
7419	61
742	78
7420	1
743	162
7437	7
7438	1199
7439	14
744	4
7440	7
7442	1
7444	31
7445	160
7447	1
7448	2
745	2585
7450	6
7451	108
7453	3
7454	26
7456	6
7458	114
7459	8
746	37
7460	26
747	58
7474	3
7478	35
748	212
7480	2
7481	34
7482	128
7483	1
7484	38
7485	9
7486	21
7487	3
7488	3
7489	12
749	2
7490	2
7491	1
7492	3
7493	18
75	34
750	5337
751	16
752	2
7523	1
753	35
754	16
7541	2
755	12
756	9
7560	60
7561	2
7562	2
7563	1
7564	18
7565	1
7566	63
7569	60
757	23
7570	22
7571	2
7572	43
7573	9
7574	2
7577	14
7578	4
7579	43
758	4
7580	3
7581	5
7584	13
7585	9
7586	6
7587	45
759	60
76	144
760	73
761	124
7613	2
7614	36
7616	3
7617	5
7618	23
7619	38
762	237
7620	11
7621	1
7623	1
7624	6
7626	1
763	7
7636	4
7637	2
764	41
7645	1
7646	3
7647	17
7649	64
765	229
7650	8
766	150
767	48
7675	3
768	3
769	13
7698	24
7699	1
77	18
770	2
7700	67
7701	5
7702	6
7703	1
7705	13
7706	80
7707	1
7708	15
771	22
7713	11
7714	13
7716	3
772	4
7720	19
7723	1
7727	1
7728	33
773	3
7739	1
774	1
7742	4
7743	12
7745	10
7748	15
7749	19
775	9
7753	5
7756	16
7757	18
7758	3
7759	20
776	4
7761	1
7762	38
7763	3
7766	103
7767	55
7770	4
7771	29
7773	27
7774	1
7775	2
778	3255
7781	7
7782	1
7784	1
7786	11
7787	2
7789	4
779	26
7790	6
7791	5
7792	14
78	52
780	3794
7802	45
7809	4
781	170
7810	21
7811	13
7812	13
7813	2
7815	11
7817	1
782	72
7820	37
7821	2
7822	2
7826	14
7827	11
783	703
7831	18
7832	14
7833	18
7834	26
7835	6
7836	74
784	285
7840	30
7841	26
7842	66
7843	5
7844	22
7845	4
7846	3
7847	1
785	635
786	882
787	24
7872	2
7878	2
7879	6
788	705
7882	1
7883	7
7884	5
7885	2
7886	1
7887	1
7888	4
7889	8
789	3
7890	1
7891	4
7892	2
7894	10
7895	9
7896	8
7897	5
7899	8
79	270
790	20
7900	1
791	21
7912	2
7914	4
7915	14
7916	3
7918	6
7919	1
792	1
7920	10
7923	2
7924	21
7925	63
7926	56
7928	1
793	19
7930	1
7932	20
7933	9
7934	56
7936	8
7937	22
7938	31
7939	23
794	20
7940	8
7941	26
7942	1
7943	24
7944	7
7946	3
7947	4
7948	3
795	11
7950	1
7951	3
7953	1
7958	1
7959	1
796	1
797	22
7976	2
7979	14
798	89
7980	34
7981	81
7982	31
7983	20
7984	3
7986	1
7989	1
799	315
7990	8
7991	12
7992	1
7993	2
8	74
80	96
800	1591
8008	12
801	73
8010	22
8011	19
8012	25
8013	3
8014	107
8015	11
8016	11
8017	1
8019	12
802	1194
8024	1
8025	3
803	64
8033	26
8037	2
8039	14
804	84
8040	2
8042	80
8043	2
8044	14
8045	8
805	1291
8056	1
8057	3
806	31
8062	1
8063	2
8068	2
807	21
8070	3
808	74
809	61
8092	1
8094	24
81	194
810	39
8117	14
8119	3
8120	1
8121	12
8123	2
8124	2
8125	49
8126	7
8127	1
8128	39
8129	1
813	28
8130	1
8131	12
8132	206
8133	2
8134	6
8139	1
814	1
8140	2
8142	1
8143	3
8147	16
8149	1
815	1
8153	5
8154	114
8157	22
8158	12
816	15
8167	36
8169	16
818	86
8183	22
8187	4
8188	20
8189	4
819	13
8190	3
8191	10
8194	1
8195	40
8196	11
8197	32
8198	1
8199	39
82	582
820	3
8201	5
8202	1
8203	1
8206	1
8207	83
8208	5
821	8
822	9
8221	5
8222	1
8225	13
8227	2
8228	236
823	5
8232	4
8235	23
8238	1
8239	19
824	59
825	1
8253	53
8254	28
8255	1
8256	7
8257	5
8258	3
8259	2
826	1
8260	8
8261	23
8264	18
8265	1
8266	6
8268	3
827	24
8270	12
8273	3
8275	4
828	132
829	81
8291	2
8292	1
8293	1
8294	2
8295	4
83	84
830	296
8302	4
831	28
832	1037
8327	17
833	84
8330	3
8331	4
8332	3
8334	9
8336	6
8337	70
8338	22
8339	2
834	27
8340	56
8341	23
835	33
836	137
8360	608
8361	55
8362	2
8363	2
8364	15
8365	4
8366	91
8367	1
8368	551
8369	6
837	355
8370	68
8371	45
8372	6
8373	8
8374	2
8375	3
8376	290
8377	1
8378	2
8379	14
838	1030
8381	2
8385	9
8387	4
8388	1
839	165
8391	3
8393	1
8395	1
8398	2
8399	1
84	14
840	33
8400	1
8401	12
8403	2
8404	14
8405	8
8407	2
841	40
8410	2
842	101
8421	1
8423	2
8426	3
843	20
844	36
8446	4
8447	2
845	13
8451	9
8454	3
8455	1
8456	2
8459	13
846	39
8460	2
8463	4
8464	287
847	7
8477	58
848	271
8480	1
8481	3
8482	12
8484	4
8485	7
8486	3
8487	4
8488	1
849	182
8491	45
8492	56
8493	38
8494	5
8495	2
8496	1
8499	1
85	268
850	28
8501	19
8502	1
8503	1
8504	3
8507	85
851	129
8511	5
8512	4
8516	30
8518	1
8519	1
852	405
8520	5
8521	4
8522	2
8524	1
8526	6
8527	2
8528	104
8529	108
853	16
8530	42
8531	15
8532	9
8533	198
8534	5
8535	9
8536	1
854	44
8542	69
8543	2
8544	1
855	7
856	12
857	11
8571	1
8573	12
8574	22
8575	5
8576	9
8577	2
8578	1
8579	1
858	10553
8580	38
8581	37
8582	51
8583	1
8584	1
8585	1
8588	3
8589	31
859	2
8591	3
8593	4
8595	2
8596	42
8598	1
86	377
860	49
8600	20
8601	13
8602	6
8604	24
8605	7
8606	1
8607	16
8608	1
8609	14
861	205
8610	17
8611	2
8612	1
8613	1
8614	12
8616	4
8618	6
8619	1
862	37
8620	39
8621	2
8622	475
8623	43
8625	1
8629	5
8631	1
8633	27
8636	589
8638	245
864	10
8640	27
8641	162
8643	12
8644	161
8645	81
8647	1
865	7
8650	6
8651	11
8652	1
8654	1
8655	2
8656	47
8659	1
866	798
8660	1
8661	7
8662	3
8663	3
8665	415
8666	4
8667	10
867	13
8670	19
8674	1
8675	5
8676	1
8677	4
868	4
8680	2
8681	2
8682	1
8684	28
8686	1
8687	1
8688	1
8689	1
869	34
8690	31
8693	1
8694	1
8695	13
8696	1
8697	1
8698	1
87	27
870	12
8700	3
8709	1
871	17
8710	5
8711	27
8712	12
8713	2
8714	2
8715	1
8716	1
8718	3
8719	1
872	4
8724	21
8725	1
8726	3
8727	1
8729	2
873	10
8730	4
8731	10
8732	2
8733	2
8735	1
8738	8
8739	10
874	5
8740	5
8743	2
8745	1
8747	1
8749	2
875	31
8751	8
8752	6
8753	11
8754	25
8755	5
8756	1
8757	2
8759	1
876	11
8761	2
8762	2
8763	1
8765	9
8766	1
8767	8
8768	4
877	14
8772	27
8773	3
8775	2
8777	2
8778	2
878	3
8781	35
8783	105
8784	619
8785	11
8786	4
8787	1
8788	1
879	76
8790	2
8793	1
8794	1
8795	6
8796	18
8797	10
8798	194
8799	2
88	239
880	100
8800	9
8801	1
8803	1
8804	1
8805	4
8807	98
8808	11
8809	7
881	62
8810	23
8811	1
8813	2
8814	7
8815	1
882	54
8821	1
8824	1
8825	1
8826	1
8827	100
8829	1
8831	2
8832	1
8833	6
8836	14
8838	18
884	12
8840	1
8841	1
8843	1
8844	5
8846	2
8848	13
8849	2
885	28
8850	1
8851	2
8852	2
8854	1
886	91
8860	11
8861	32
8862	2
8865	33
8866	16
8869	3
887	1
8870	6
8872	3
8873	214
8874	558
8875	5
8876	2
8879	34
888	13
8880	28
8881	1
8882	1
8884	3
889	26
8890	1
8896	2
8898	1
8899	4
89	101
890	1
8900	1
8903	1
8904	1
8905	2
8906	13
8907	9
8908	10
891	107
8910	166
8911	3
8912	3
8913	1
8914	95
8915	9
8916	17
8917	191
8918	4
892	189
8920	7
8921	2
8922	2
8923	7
8927	2
8928	16
8929	1
893	71
8930	13
8931	1
8932	2
8933	8
8934	2
8936	1
8937	25
8938	9
8939	5
8943	9
8946	2
8947	23
8948	10
8949	356
895	10
8950	128
8951	36
8955	5
8956	1
8957	198
8958	180
8959	6
896	73
8961	1305
8964	2
8965	30
8966	37
8967	1
8968	10
8969	29
897	93
8970	328
8971	3
8972	109
8973	80
8974	17
8977	9
898	1418
8980	1
8981	129
8982	12
8983	155
8984	70
8985	19
8986	2
8987	5
8989	6
899	2069
8991	1
8994	3
8996	1
8997	1
8998	30
8999	10
9	141
90	24
900	420
9000	5
9002	1
9005	1
9007	1
901	140
9010	36
9011	5
9013	4
9014	2
9016	1
9018	29
9019	1
902	1183
903	2542
904	3610
905	827
906	295
907	136
908	3191
909	784
910	2037
911	624
912	5918
913	2637
914	1431
915	635
916	961
917	91
918	236
919	4327
92	77
920	2446
921	306
922	1465
923	4183
924	4502
925	6
926	1023
927	157
928	846
929	100
93	41
930	944
931	271
932	268
933	652
934	232
935	95
936	244
937	56
938	197
939	7
94	318
940	552
941	73
942	479
943	187
944	150
945	409
946	222
947	306
948	180
949	327
95	960
950	668
951	793
952	150
953	2751
954	859
955	839
956	25
957	18
958	3
959	47
96	79
960	8
961	20
962	6
963	46
964	25
965	541
966	5
967	3
968	824
969	2046
97	240
970	35
971	413
973	110
974	6
975	2
976	35
979	5
98	2
980	7
981	12
982	62
983	2
984	16
985	11
986	239
987	27
988	30
989	14
99	53
990	41
991	197
992	4
993	39
994	983
996	130
997	37
998	68
999	156
